1.0000042600794226 
0.9976209391386046 
0.9963680002939729 
0.9962493751847995 
0.9961363016863555 
0.9948944936109452 
0.9925206968980836 
0.9901430004530433 
0.9888963751323729 
0.9887833073011011 
0.9886764715058250 
0.9874400936329192 
0.9850725582621659 
0.9827002811691701 
0.9814599802374929 
0.9813522270533159 
0.9812516644260847 
0.9800204541073572 
0.9776592366584924 
0.9752921151222004 
0.9740582077073305 
0.9739554893626923 
0.9738612653982568 
0.9726349770826405 
0.9702801611593846 
0.9679180017724098 
0.9666905823163318 
0.9665928172561953 
0.9665050841042678 
0.9652838761727660 
0.9629358369436471 
0.9605793180157349 
0.9593592900272705 
0.9592681837236552 
0.9591890943275968 
0.9579767826906388 
0.9556403404054511 
0.9532973782987435 
0.9520948710493509 
0.9520259767627327 
0.9519755463276671 
0.9508012404812005 
0.9485136772218135 
0.9462358818413250 
0.9451159964563854 
0.9451554747825461 
0.9452398513427592 
0.9442378575020268 
0.9421593626825666 
0.9401398220637037 
0.9393231441688524 
0.9397221125853205 
0.9402118402581794 
0.9396677703166809 
0.9380797562372558 
0.9365814755286284 
0.9362851445295929 
0.9371919497572611 
0.9381360033732273 
0.9379752175305321 
0.9366577909845851 
0.9353040693659161 
0.9349989959901869 
0.9357494292570065 
0.9363931898672653 
0.9358239631545323 
0.9340315314091083 
0.9321976869588413 
0.9314735390076082 
0.9319267817092219 
0.9324518524649400 
0.9319617732385508 
0.9304543169924204 
0.9290589632263361 
0.9288737174634754 
0.9298549915686547 
0.9308208636156038 
0.9305771627630679 
0.9290955060154013 
0.9274775283280760 
0.9268969027114906 
0.9273820768830816 
0.9278971720760443 
0.9273473115667574 
0.9258079117821045 
0.9243917279855003 
0.9242360311956689 
0.9252538671072168 
0.9262627582915657 
0.9260327159197046 
0.9245354662808685 
0.9228903806707617 
0.9222909579814118 
0.9228261870485095 
0.9234530369362819 
0.9231127338611741 
0.9217909131324991 
0.9205870595409986 
0.9205077837788176 
0.9214858070882791 
0.9222879622902889 
0.9218158172634032 
0.9200971440487804 
0.9184079700634725 
0.9179607027180600 
0.9188429211367122 
0.9198843234902644 
0.9198653127523430 
0.9186487976220963 
0.9172543152474288 
0.9168071085243303 
0.9173608079659213 
0.9179546643266780 
0.9175534570795759 
0.9162530157796939 
0.9150895714982021 
0.9150976603184520 
0.9160876809668516 
0.9168775017358611 
0.9163457279085490 
0.9146473209508748 
0.9130790696653127 
0.9128698199181504 
0.9140078720115097 
0.9151816684442670 
0.9151042371819268 
0.9136202038487584 
0.9119484735706707 
0.9113548964791419 
0.9120934448793959 
0.9130999667418340 
0.9131927233066930 
0.9121353602606476 
0.9108437384963037 
0.9103901718578808 
0.9108914423595735 
0.9115108092885699 
0.9112786020569602 
0.9102414525657053 
0.9092617462999997 
0.9092300116094406 
0.9099554179148776 
0.9104468325605702 
0.9098570875941364 
0.9084661862487958 
0.9074569437453226 
0.9076873922173895 
0.9088409786679985 
0.9095434134418660 
0.9088512532218280 
0.9070893161047693 
0.9057674614657043 
0.9059915307418441 
0.9074405552215701 
0.9085417860169033 
0.9079803029627656 
0.9060471594484413 
0.9043329399266747 
0.9043523074576362 
0.9059039276326415 
0.9073803478152210 
0.9071239814705323 
0.9051694341706514 
0.9031572558456222 
0.9028288565061855 
0.9043645293595165 
0.9061035052400460 
0.9062326211628844 
0.9043695291932532 
0.9021332389024963 
0.9014491670933805 
0.9028475212799084 
0.9048271111596845 
0.9053062396348124 
0.9036396913114396 
0.9011832649566651 
0.9001653573066196 
0.9013798658300255 
0.9035705903616078 
0.9044242724514855 
0.9029233860854705 
0.9002935530280175 
0.8988877850803054 
0.8999849816505865 
0.9023753703889197 
0.9036287454264216 
0.9022492319033731 
0.8993779310378534 
0.8976217995476981 
0.8986167914277733 
0.9013305738554344 
0.9029133045096129 
0.9016039813542822 
0.8983837449984887 
0.8963181294325412 
0.8973566960798713 
0.9004365705251789 
0.9023375457080943 
0.9008800004126849 
0.8973002414186778 
0.8949878885623477 
0.8962720476312930 
0.8997554010552726 
0.9017844621825793 
0.9000419961336784 
0.8960537674150166 
0.8937777429774940 
0.8954186338259328 
0.8992565074079046 
0.9011426802845263 
0.8989781465816001 
0.8948037795484637 
0.8927753682146580 
0.8948773564414546 
0.8987343707079830 
0.9002745232329181 
0.8977543661476103 
0.8937152983596907 
0.8921459874366177 
0.8944190868244711 
0.8980226447737936 
0.8991193227272731 
0.8966412357763772 
0.8930040191745231 
0.8917239889432038 
0.8938042152197452 
0.8969453963531038 
0.8980102196277119 
0.8958794758936158 
0.8926070254594877 
0.8911566613496629 
0.8927960842800516 
0.8958509986841272 
0.8972438405426827 
0.8955073880334257 
0.8920587257821322 
0.8901983525827728 
0.8917205985161673 
0.8951203809265292 
0.8968906224464845 
0.8949540860232158 
0.8911223115740573 
0.8891531542666398 
0.8910621273858803 
0.8947793542864999 
0.8963104919863806 
0.8940155247102071 
0.8901341316781720 
0.8885979997296980 
0.8907219470441090 
0.8941448110149424 
0.8953524061641609 
0.8931165417843396 
0.8896951489634048 
0.8882347710556527 
0.8900082052328984 
0.8931765665194759 
0.8945827525546880 
0.8927834908963185 
0.8892708298146267 
0.8874340829662727 
0.8890752890686504 
0.8925704807408127 
0.8943062860285351 
0.8922433454074865 
0.8884024705266993 
0.8866101280880073 
0.8886414165258155 
0.8922667663581697 
0.8936101391900093 
0.8913729746598401 
0.8877641495065245 
0.8863058916182586 
0.8882139951480529 
0.8914297131834631 
0.8928415333235341 
0.8909429482126179 
0.8874758291819727 
0.8856898742573512 
0.8873374033000206 
0.8908655729840823 
0.8925460862652903 
0.8905261098634791 
0.8867039267828797 
0.8849414080038263 
0.8870017171482260 
0.8905379650070651 
0.8919178821290877 
0.8897483168708417 
0.8862097482487501 
0.8847126397472761 
0.8864763210388960 
0.8897782920816251 
0.8913291964811711 
0.8894676632125215 
0.8858719875086456 
0.8839809763652408 
0.8858141648968723 
0.8894481853553070 
0.8910335148002705 
0.8888930395932275 
0.8851397529935378 
0.8835930402448413 
0.8855700866093360 
0.8889159929323347 
0.8903554315410452 
0.8884081781314683 
0.8849292799832862 
0.8831671544697621 
0.8848595537683731 
0.8884260845535289 
0.8901011866593233 
0.8880645168710996 
0.8842929041302252 
0.8825926788659401 
0.8846334777826077 
0.8880899788664811 
0.8895018102223621 
0.8875201674820274 
0.8840072138820501 
0.8823393340537254 
0.8840402818984769 
0.8875176975403692 
0.8892525257820403 
0.8872430877874490 
0.8834943543583981 
0.8817651046872147 
0.8837481437668563 
0.8872982765478944 
0.8887099080352313 
0.8867180624951081 
0.8832272211660127 
0.8815094113898794 
0.8832677969563343 
0.8867405039885794 
0.8884619572796765 
0.8865044377686390 
0.8827099370409063 
0.8810266136227821 
0.8830043481383603 
0.8864964117024210 
0.8879946419826020 
0.8860047159760026 
0.8825132116145932 
0.8807747111103617 
0.8824880307032110 
0.8860802711884275 
0.8877762255989450 
0.8857529180315183 
0.8820367932078487 
0.8803485206689498 
0.8823297545160613 
0.8857731374938393 
0.8872813802547624 
0.8854383416496090 
0.8818477127471207 
0.8800345835860163 
0.8818556050127190 
0.8854578986475177 
0.8871457428190237 
0.8850662477177470 
0.8814023244172883 
0.8798216695463768 
0.8816392413672280 
0.8850754821661199 
0.8867525120964370 
0.8848681475069881 
0.8812147488541262 
0.8793847621301114 
0.8812952025986621 
0.8849410541851859 
0.8864610606783377 
0.8844749932791446 
0.8809598868587417 
0.8792134630961341 
0.8809940130004265 
0.8845375121573259 
0.8862652747290948 
0.8843283046550494 
0.8805757452332829 
0.8788997046645757 
0.8808508588915069 
0.8842827485854945 
0.8859173279039150 
0.8840808482230853 
0.8804342391985994 
0.8786320876319127 
0.8804793465226143 
0.8841144446970103 
0.8857675479288799 
0.8837292631479521 
0.8801807210474503 
0.8785036476268400 
0.8802269792191848 
0.8838011160065189 
0.8855649541360604 
0.8835957200185934 
0.8799176725571056 
0.8781978010369644 
0.8801003293340581 
0.8836219163675942 
0.8852348794162352 
0.8834201502258222 
0.8798035507581424 
0.8779264151343222 
0.8798443602907036 
0.8834794677392179 
0.8850668937979940 
0.8831625765540471 
0.8795971230931674 
0.8778200401404512 
0.8796232581412751 
0.8832027215029078 
0.8849625433179721 
0.8830217763867864 
0.8793220987478031 
0.8776634503996446 
0.8795109394537041 
0.8829702400072362 
0.8847589086675584 
0.8829116531778126 
0.8791721076121388 
0.8774404131080588 
0.8793439866380892 
0.8828685307069315 
0.8845642664403205 
0.8827083931422417 
0.8790957749223434 
0.8772911600564217 
0.8791077806929087 
0.8827639479405420 
0.8844620793626120 
0.8824988137673445 
0.8789638101826496 
0.8772061567499378 
0.8789293154034910 
0.8825942081195104 
0.8843712395564030 
0.8823820453985926 
0.8787954783858953 
0.8770856843621028 
0.8788408620650073 
0.8824334214941699 
0.8842235144238902 
0.8823234279948721 
0.8786749728463913 
0.8769170001197798 
0.8787684928166831 
0.8823376883932682 
0.8840561527907647 
0.8822461852097165 
0.8786137988272902 
0.8767636352762083 
0.8786611461377707 
0.8822798648955821 
0.8839316215326694 
0.8821362942883062 
0.8785647750424196 
0.8766669709541475 
0.8785364183179512 
0.8822125548826741 
0.8838626054142511 
0.8820287393668306 
0.8784943786036966 
0.8766148445832228 
0.8784321363444606 
0.8821222141162292 
0.8838222072937274 
0.8819537200043572 
0.8784076574010808 
0.8765760755259380 
0.8783652954082095 
0.8820263216481117 
0.8837827679647920 
0.8819141674310401 
0.8783273366731720 
0.8765315334562950 
0.8783279317615303 
0.8819470130450405 
0.8837356592425607 
0.8818961456455526 
0.8782708931749693 
0.8764818049244676 
0.8783044547405674 
0.8818949079733878 
0.8836874730111068 
0.8818854477623308 
0.8782421131994633 
0.8764364314000463 
0.8782840297077301 
0.8818687065414469 
0.8836487008313958 
0.8818754208341510 
0.8782364583836475 
0.8764053497100227 
0.8782637614292609 
0.8818617015811562 
0.8836274190819762 
0.8818660407473941 
0.8782460213613030 
0.8763943331844086 
0.8782460213613025 
0.8818660407473955 
0.8836274190819757 
0.8818617015811545 
0.8782637614292603 
0.8764053497100232 
0.8782364583836452 
0.8818754208341473 
0.8836487008313930 
0.8818687065414458 
0.8782840297077272 
0.8764364314000412 
0.8782421131994577 
0.8818854477623259 
0.8836874730111025 
0.8818949079733823 
0.8783044547405630 
0.8764818049244621 
0.8782708931749628 
0.8818961456455444 
0.8837356592425557 
0.8819470130450343 
0.8783279317615215 
0.8765315334562851 
0.8783273366731661 
0.8819141674310306 
0.8837827679647817 
0.8820263216481028 
0.8783652954081996 
0.8765760755259292 
0.8784076574010715 
0.8819537200043432 
0.8838222072937169 
0.8821222141162163 
0.8784321363444468 
0.8766148445832103 
0.8784943786036842 
0.8820287393668197 
0.8838626054142371 
0.8822125548826616 
0.8785364183179379 
0.8766669709541375 
0.8785647750424054 
0.8821362942882940 
0.8839316215326540 
0.8822798648955688 
0.8786611461377570 
0.8767636352761896 
0.8786137988272753 
0.8822461852097006 
0.8840561527907521 
0.8823376883932470 
0.8787684928166651 
0.8769170001197638 
0.8786749728463732 
0.8823234279948572 
0.8842235144238741 
0.8824334214941520 
0.8788408620649886 
0.8770856843620858 
0.8787954783858749 
0.8823820453985745 
0.8843712395563847 
0.8825942081194919 
0.8789293154034723 
0.8772061567499204 
0.8789638101826294 
0.8824988137673246 
0.8844620793625917 
0.8827639479405222 
0.8791077806928889 
0.8772911600564032 
0.8790957749223243 
0.8827083931422247 
0.8845642664403023 
0.8828685307069116 
0.8793439866380686 
0.8774404131080362 
0.8791721076121145 
0.8829116531777932 
0.8847589086675355 
0.8829702400072165 
0.8795109394536808 
0.8776634503996198 
0.8793220987477800 
0.8830217763867625 
0.8849625433179504 
0.8832027215028807 
0.8796232581412499 
0.8778200401404267 
0.8795971230931395 
0.8831625765540192 
0.8850668937979613 
0.8834794677391852 
0.8798443602906748 
0.8779264151342919 
0.8798035507581144 
0.8834201502257909 
0.8852348794162032 
0.8836219163675628 
0.8801003293340263 
0.8781978010369348 
0.8799176725570705 
0.8835957200185562 
0.8855649541360248 
0.8838011160064824 
0.8802269792191472 
0.8785036476268011 
0.8801807210474112 
0.8837292631479114 
0.8857675479288414 
0.8841144446969723 
0.8804793465225732 
0.8786320876318695 
0.8804342391985602 
0.8840808482230459 
0.8859173279038703 
0.8842827485854525 
0.8808508588914634 
0.8788997046645275 
0.8805757452332421 
0.8843283046550067 
0.8862652747290531 
0.8845375121572826 
0.8809940130003872 
0.8792134630960921 
0.8809598868586997 
0.8844749932790983 
0.8864610606782908 
0.8849410541851465 
0.8812952025986186 
0.8793847621300707 
0.8812147488540824 
0.8848681475069435 
0.8867525120963921 
0.8850754821660725 
0.8816392413671842 
0.8798216695463308 
0.8814023244172441 
0.8850662477177006 
0.8871457428189795 
0.8854578986474724 
0.8818556050126771 
0.8800345835859702 
0.8818477127470783 
0.8854383416495605 
0.8872813802547184 
0.8857731374937942 
0.8823297545160135 
0.8803485206688983 
0.8820367932077979 
0.8857529180314693 
0.8877762255989000 
0.8860802711883792 
0.8824880307031594 
0.8807747111103141 
0.8825132116145447 
0.8860047159759543 
0.8879946419825551 
0.8864964117023697 
0.8830043481383115 
0.8810266136227330 
0.8827099370408581 
0.8865044377685936 
0.8884619572796283 
0.8867405039885292 
0.8832677969562832 
0.8815094113898310 
0.8832272211659672 
0.8867180624950554 
0.8887099080351851 
0.8872982765478471 
0.8837481437668120 
0.8817651046871661 
0.8834943543583497 
0.8872430877874046 
0.8892525257819902 
0.8875176975403219 
0.8840402818984289 
0.8823393340536793 
0.8840072138820080 
0.8875201674819782 
0.8895018102223184 
0.8880899788664379 
0.8846334777825636 
0.8825926788658972 
0.8842929041301820 
0.8880645168710555 
0.8901011866592804 
0.8884260845534814 
0.8848595537683317 
0.8831671544697156 
0.8849292799832458 
0.8884081781314229 
0.8903554315410001 
0.8889159929322966 
0.8855700866092963 
0.8835930402448015 
0.8851397529935000 
0.8888930395931854 
0.8910335148002299 
0.8894481853552691 
0.8858141648968346 
0.8839809763652049 
0.8858719875086077 
0.8894676632124885 
0.8913291964811353 
0.8897782920815911 
0.8864763210388649 
0.8847126397472421 
0.8862097482487213 
0.8897483168708141 
0.8919178821290553 
0.8905379650070310 
0.8870017171481944 
0.8849414080038017 
0.8867039267828517 
0.8905261098634544 
0.8925460862652594 
0.8908655729840548 
0.8873374032999940 
0.8856898742573273 
0.8874758291819476 
0.8909429482125911 
0.8928415333235130 
0.8914297131834407 
0.8882139951480319 
0.8863058916182367 
0.8877641495065037 
0.8913729746598208 
0.8936101391899909 
0.8922667663581519 
0.8886414165258003 
0.8866101280879892 
0.8884024705266818 
0.8922433454074635 
0.8943062860285168 
0.8925704807407928 
0.8890752890686348 
0.8874340829662514 
0.8892708298146162 
0.8927834908963028 
0.8945827525546779 
0.8931765665194601 
0.8900082052328843 
0.8882347710556403 
0.8896951489633924 
0.8931165417843278 
0.8953524061641535 
0.8941448110149317 
0.8907219470441016 
0.8885979997296946 
0.8901341316781660 
0.8940155247102014 
0.8963104919863747 
0.8947793542864990 
0.8910621273858812 
0.8891531542666391 
0.8911223115740552 
0.8949540860232132 
0.8968906224464819 
0.8951203809265309 
0.8917205985161658 
0.8901983525827692 
0.8920587257821379 
0.8955073880334284 
0.8972438405426867 
0.8958509986841281 
0.8927960842800552 
0.8911566613496644 
0.8926070254594883 
0.8958794758936167 
0.8980102196277194 
0.8969453963531125 
0.8938042152197514 
0.8917239889432133 
0.8930040191745359 
0.8966412357763923 
0.8991193227272893 
0.8980226447738051 
0.8944190868244806 
0.8921459874366331 
0.8937152983597094 
0.8977543661476283 
0.9002745232329332 
0.8987343707080035 
0.8948773564414781 
0.8927753682146812 
0.8948037795484859 
0.8989781465816239 
0.9011426802845524 
0.8992565074079309 
0.8954186338259597 
0.8937777429775231 
0.8960537674150501 
0.9000419961337115 
0.9017844621826141 
0.8997554010553052 
0.8962720476313282 
0.8949878885623896 
0.8973002414187222 
0.9008800004127248 
0.9023375457081363 
0.9004365705252233 
0.8973566960799172 
0.8963181294325866 
0.8983837449985368 
0.9016039813543307 
0.9029133045096600 
0.9013305738554808 
0.8986167914278240 
0.8976217995477496 
0.8993779310379061 
0.9022492319034191 
0.9036287454264753 
0.9023753703889705 
0.8999849816506382 
0.8988877850803595 
0.9002935530280726 
0.9029233860855254 
0.9044242724515456 
0.9035705903616648 
0.9013798658300823 
0.9001653573066826 
0.9011832649567222 
0.9036396913114968 
0.9053062396348682 
0.9048271111597443 
0.9028475212799693 
0.9014491670934404 
0.9021332389025590 
0.9043695291933134 
0.9062326211629442 
0.9061035052401054 
0.9043645293595800 
0.9028288565062442 
0.9031572558456807 
0.9051694341707162 
0.9071239814705971 
0.9073803478152841 
0.9059039276327053 
0.9043523074576973 
0.9043329399267365 
0.9060471594485071 
0.9079803029628301 
0.9085417860169720 
0.9074405552216386 
0.9059915307419104 
0.9057674614657693 
0.9070893161048382 
0.9088512532218953 
0.9095434134419323 
0.9088409786680668 
0.9076873922174672 
0.9074569437453948 
0.9084661862488707 
0.9098570875942125 
0.9104468325606375 
0.9099554179149523 
0.9092300116095162 
0.9092617463000779 
0.9102414525657826 
0.9112786020570351 
0.9115108092886463 
0.9108914423596496 
0.9103901718579671 
0.9108437384963832 
0.9121353602607284 
0.9131927233067691 
0.9130999667419146 
0.9120934448794747 
0.9113548964792177 
0.9119484735707527 
0.9136202038488406 
0.9151042371820122 
0.9151816684443542 
0.9140078720115969 
0.9128698199182330 
0.9130790696654032 
0.9146473209509572 
0.9163457279086323 
0.9168775017359432 
0.9160876809669418 
0.9150976603185385 
0.9150895714982954 
0.9162530157797840 
0.9175534570796589 
0.9179546643267670 
0.9173608079660106 
0.9168071085244212 
0.9172543152475220 
0.9186487976221858 
0.9198653127524307 
0.9198843234903585 
0.9188429211368032 
0.9179607027181547 
0.9184079700635625 
0.9200971440488707 
0.9218158172634986 
0.9222879622903791 
0.9214858070883711 
0.9205077837789167 
0.9205870595410849 
0.9217909131325889 
0.9231127338612682 
0.9234530369363714 
0.9228261870485955 
0.9222909579814974 
0.9228903806708553 
0.9245354662809659 
0.9260327159197954 
0.9262627582916563 
0.9252538671073083 
0.9242360311957591 
0.9243917279855908 
0.9258079117821936 
0.9273473115668447 
0.9278971720761328 
0.9273820768831673 
0.9268969027115711 
0.9274775283281700 
0.9290955060154866 
0.9305771627631640 
0.9308208636156914 
0.9298549915687366 
0.9288737174635633 
0.9290589632264240 
0.9304543169925080 
0.9319617732386400 
0.9324518524650216 
0.9319267817093004 
0.9314735390076925 
0.9321976869589249 
0.9340315314091937 
0.9358239631546188 
0.9363931898673471 
0.9357494292570860 
0.9349989959902674 
0.9353040693659925 
0.9366577909846565 
0.9379752175306098 
0.9381360033732991 
0.9371919497573420 
0.9362851445296715 
0.9365814755287040 
0.9380797562373300 
0.9396677703167495 
0.9402118402582427 
0.9397221125853887 
0.9393231441689111 
0.9401398220637710 
0.9421593626826295 
0.9442378575020908 
0.9452398513428141 
0.9451554747825989 
0.9451159964564420 
0.9462358818413806 
0.9485136772218689 
0.9508012404812568 
0.9519755463277185 
0.9520259767627803 
0.9520948710493964 
0.9532973782987928 
0.9556403404055021 
0.9579767826906829 
0.9591890943276337 
0.9592681837236946 
0.9593592900273121 
0.9605793180157705 
0.9629358369436894 
0.9652838761728041 
0.9665050841043121 
0.9665928172562259 
0.9666905823163628 
0.9679180017724476 
0.9702801611594130 
0.9726349770826674 
0.9738612653982779 
0.9739554893627205 
0.9740582077073539 
0.9752921151222184 
0.9776592366585125 
0.9800204541073747 
0.9812516644261047 
0.9813522270533369 
0.9814599802375129 
0.9827002811691897 
0.9850725582621859 
0.9874400936329391 
0.9886764715058389 
0.9887833073011160 
0.9888963751323864 
0.9901430004530504 
0.9925206968980947 
0.9948944936109531 
0.9961363016863637 
0.9962493751848037 
0.9963680002939790 
0.9976209391386079 
1.0000042600794226 
