 1 0.0000000000000000 0.4999997500001250 
 2 0.0010000000000000 0.5001944008694773 
 3 0.0020000000000000 0.5003895519332305 
 4 0.0030000000000000 0.5005852033865358 
 5 0.0040000000000000 0.5007813554250446 
 6 0.0050000000000000 0.5009780082449090 
 7 0.0060000000000000 0.5011751620427817 
 8 0.0070000000000000 0.5013728170158165 
 9 0.0080000000000000 0.5015709733616683 
 10 0.0090000000000000 0.5017696312784937 
 11 0.0100000000000000 0.5019687909649504 
 12 0.0110000000000000 0.5021684526201982 
 13 0.0120000000000000 0.5023686164438986 
 14 0.0130000000000000 0.5025692826362156 
 15 0.0140000000000000 0.5027704513978153 
 16 0.0150000000000000 0.5029721229298665 
 17 0.0160000000000000 0.5031742974340407 
 18 0.0170000000000000 0.5033769751125126 
 19 0.0180000000000000 0.5035801561679596 
 20 0.0190000000000000 0.5037838408035629 
 21 0.0200000000000000 0.5039880292230070 
 22 0.0210000000000000 0.5041927216304805 
 23 0.0220000000000000 0.5043979182306756 
 24 0.0230000000000000 0.5046036192287889 
 25 0.0240000000000000 0.5048098248305216 
 26 0.0250000000000000 0.5050165352420792 
 27 0.0260000000000000 0.5052237506701722 
 28 0.0270000000000000 0.5054314713220159 
 29 0.0280000000000000 0.5056396974053310 
 30 0.0290000000000000 0.5058484291283436 
 31 0.0300000000000000 0.5060576666997855 
 32 0.0310000000000000 0.5062674103288941 
 33 0.0320000000000000 0.5064776602254132 
 34 0.0330000000000000 0.5066884165995925 
 35 0.0340000000000000 0.5068996796621885 
 36 0.0350000000000000 0.5071114496244642 
 37 0.0360000000000000 0.5073237266981895 
 38 0.0370000000000000 0.5075365110956416 
 39 0.0380000000000000 0.5077498030296049 
 40 0.0390000000000000 0.5079636027133714 
 41 0.0400000000000000 0.5081779103607406 
 42 0.0410000000000000 0.5083927261860202 
 43 0.0420000000000000 0.5086080504040261 
 44 0.0430000000000000 0.5088238832300825 
 45 0.0440000000000000 0.5090402248800223 
 46 0.0450000000000000 0.5092570755701870 
 47 0.0460000000000000 0.5094744355174273 
 48 0.0470000000000000 0.5096923049391032 
 49 0.0480000000000000 0.5099106840530843 
 50 0.0490000000000000 0.5101295730777494 
 51 0.0500000000000000 0.5103489722319878 
 52 0.0510000000000000 0.5105688817351984 
 53 0.0520000000000000 0.5107893018072908 
 54 0.0530000000000000 0.5110102326686849 
 55 0.0540000000000000 0.5112316745403119 
 56 0.0550000000000000 0.5114536276436136 
 57 0.0560000000000000 0.5116760922005429 
 58 0.0570000000000000 0.5118990684335645 
 59 0.0580000000000000 0.5121225565656546 
 60 0.0590000000000000 0.5123465568203014 
 61 0.0600000000000000 0.5125710694215051 
 62 0.0610000000000000 0.5127960945937781 
 63 0.0620000000000000 0.5130216325621458 
 64 0.0630000000000000 0.5132476835521462 
 65 0.0640000000000000 0.5134742477898303 
 66 0.0650000000000000 0.5137013255017622 
 67 0.0660000000000000 0.5139289169150196 
 68 0.0670000000000000 0.5141570222571941 
 69 0.0680000000000000 0.5143856417563908 
 70 0.0690000000000000 0.5146147756412294 
 71 0.0700000000000000 0.5148444241408437 
 72 0.0710000000000000 0.5150745874848822 
 73 0.0720000000000000 0.5153052659035082 
 74 0.0730000000000000 0.5155364596274002 
 75 0.0740000000000000 0.5157681688877520 
 76 0.0750000000000000 0.5160003939162726 
 77 0.0760000000000000 0.5162331349451872 
 78 0.0770000000000000 0.5164663922072368 
 79 0.0780000000000000 0.5167001659356787 
 80 0.0790000000000000 0.5169344563642867 
 81 0.0800000000000000 0.5171692637273512 
 82 0.0810000000000000 0.5174045882596794 
 83 0.0820000000000000 0.5176404301965959 
 84 0.0830000000000000 0.5178767897739427 
 85 0.0840000000000000 0.5181136672280794 
 86 0.0850000000000000 0.5183510627958834 
 87 0.0860000000000000 0.5185889767147501 
 88 0.0870000000000000 0.5188274092225937 
 89 0.0880000000000000 0.5190663605578466 
 90 0.0890000000000000 0.5193058309594601 
 91 0.0900000000000000 0.5195458206669048 
 92 0.0910000000000000 0.5197863299201702 
 93 0.0920000000000000 0.5200273589597655 
 94 0.0930000000000000 0.5202689080267200 
 95 0.0940000000000000 0.5205109773625826 
 96 0.0950000000000000 0.5207535672094225 
 97 0.0960000000000000 0.5209966778098297 
 98 0.0970000000000000 0.5212403094069149 
 99 0.0980000000000000 0.5214844622443096 
 100 0.0990000000000000 0.5217291365661665 
 101 0.1000000000000000 0.5219743326171600 
 102 0.1010000000000000 0.5222200506424862 
 103 0.1020000000000000 0.5224662908878631 
 104 0.1030000000000000 0.5227130535995309 
 105 0.1040000000000000 0.5229603390242524 
 106 0.1050000000000000 0.5232081474093130 
 107 0.1060000000000000 0.5234564790025210 
 108 0.1070000000000000 0.5237053340522081 
 109 0.1080000000000000 0.5239547128072294 
 110 0.1090000000000000 0.5242046155169635 
 111 0.1100000000000000 0.5244550424313131 
 112 0.1110000000000000 0.5247059938007053 
 113 0.1120000000000000 0.5249574698760913 
 114 0.1130000000000000 0.5252094709089473 
 115 0.1140000000000000 0.5254619971512742 
 116 0.1150000000000000 0.5257150488555983 
 117 0.1160000000000000 0.5259686262749714 
 118 0.1170000000000000 0.5262227296629710 
 119 0.1180000000000000 0.5264773592737002 
 120 0.1190000000000000 0.5267325153617888 
 121 0.1200000000000000 0.5269881981823928 
 122 0.1210000000000000 0.5272444079911951 
 123 0.1220000000000000 0.5275011450444054 
 124 0.1230000000000000 0.5277584095987610 
 125 0.1240000000000000 0.5280162019115261 
 126 0.1250000000000000 0.5282745222404931 
 127 0.1260000000000000 0.5285333708439824 
 128 0.1270000000000000 0.5287927479808427 
 129 0.1280000000000000 0.5290526539104510 
 130 0.1290000000000000 0.5293130888927132 
 131 0.1300000000000000 0.5295740531880645 
 132 0.1310000000000000 0.5298355470574690 
 133 0.1320000000000000 0.5300975707624207 
 134 0.1330000000000000 0.5303601245649433 
 135 0.1340000000000000 0.5306232087275904 
 136 0.1350000000000000 0.5308868235134462 
 137 0.1360000000000000 0.5311509691861256 
 138 0.1370000000000000 0.5314156460097743 
 139 0.1380000000000000 0.5316808542490691 
 140 0.1390000000000000 0.5319465941692182 
 141 0.1400000000000000 0.5322128660359615 
 142 0.1410000000000000 0.5324796701155710 
 143 0.1420000000000000 0.5327470066748505 
 144 0.1430000000000000 0.5330148759811369 
 145 0.1440000000000000 0.5332832783022994 
 146 0.1450000000000000 0.5335522139067402 
 147 0.1460000000000000 0.5338216830633951 
 148 0.1470000000000000 0.5340916860417330 
 149 0.1480000000000000 0.5343622231117571 
 150 0.1490000000000000 0.5346332945440043 
 151 0.1500000000000000 0.5349049006095462 
 152 0.1510000000000000 0.5351770415799888 
 153 0.1520000000000000 0.5354497177274730 
 154 0.1530000000000000 0.5357229293246750 
 155 0.1540000000000000 0.5359966766448065 
 156 0.1550000000000000 0.5362709599616148 
 157 0.1560000000000000 0.5365457795493831 
 158 0.1570000000000000 0.5368211356829310 
 159 0.1580000000000000 0.5370970286376145 
 160 0.1590000000000000 0.5373734586893267 
 161 0.1600000000000000 0.5376504261144978 
 162 0.1610000000000000 0.5379279311900950 
 163 0.1620000000000000 0.5382059741936235 
 164 0.1630000000000000 0.5384845554031262 
 165 0.1640000000000000 0.5387636750971844 
 166 0.1650000000000000 0.5390433335549177 
 167 0.1660000000000000 0.5393235310559849 
 168 0.1670000000000000 0.5396042678805831 
 169 0.1680000000000000 0.5398855443094494 
 170 0.1690000000000000 0.5401673606238599 
 171 0.1700000000000000 0.5404497171056314 
 172 0.1710000000000000 0.5407326140371199 
 173 0.1720000000000000 0.5410160517012225 
 174 0.1730000000000000 0.5413000303813769 
 175 0.1740000000000000 0.5415845503615617 
 176 0.1750000000000000 0.5418696119262971 
 177 0.1760000000000000 0.5421552153606445 
 178 0.1770000000000000 0.5424413609502073 
 179 0.1780000000000000 0.5427280489811313 
 180 0.1790000000000000 0.5430152797401041 
 181 0.1800000000000000 0.5433030535143568 
 182 0.1810000000000000 0.5435913705916632 
 183 0.1820000000000000 0.5438802312603401 
 184 0.1830000000000000 0.5441696358092484 
 185 0.1840000000000000 0.5444595845277925 
 186 0.1850000000000000 0.5447500777059213 
 187 0.1860000000000000 0.5450411156341279 
 188 0.1870000000000000 0.5453326986034502 
 189 0.1880000000000000 0.5456248269054712 
 190 0.1890000000000000 0.5459175008323192 
 191 0.1900000000000000 0.5462107206766680 
 192 0.1910000000000000 0.5465044867317377 
 193 0.1920000000000000 0.5467987992912942 
 194 0.1930000000000000 0.5470936586496500 
 195 0.1940000000000000 0.5473890651016645 
 196 0.1950000000000000 0.5476850189427442 
 197 0.1960000000000000 0.5479815204688431 
 198 0.1970000000000000 0.5482785699764624 
 199 0.1980000000000000 0.5485761677626518 
 200 0.1990000000000000 0.5488743141250091 
 201 0.2000000000000000 0.5491730093616806 
 202 0.2010000000000000 0.5494722537713614 
 203 0.2020000000000000 0.5497720476532961 
 204 0.2030000000000000 0.5500723913072787 
 205 0.2040000000000000 0.5503732850336526 
 206 0.2050000000000000 0.5506747291333116 
 207 0.2060000000000000 0.5509767239076999 
 208 0.2070000000000000 0.5512792696588121 
 209 0.2080000000000000 0.5515823666891941 
 210 0.2090000000000000 0.5518860153019429 
 211 0.2100000000000000 0.5521902158007070 
 212 0.2110000000000000 0.5524949684896870 
 213 0.2120000000000000 0.5528002736736357 
 214 0.2130000000000000 0.5531061316578580 
 215 0.2140000000000000 0.5534125427482122 
 216 0.2150000000000000 0.5537195072511092 
 217 0.2160000000000000 0.5540270254735135 
 218 0.2170000000000000 0.5543350977229434 
 219 0.2180000000000000 0.5546437243074712 
 220 0.2190000000000000 0.5549529055357233 
 221 0.2200000000000000 0.5552626417168810 
 222 0.2210000000000000 0.5555729331606806 
 223 0.2220000000000000 0.5558837801774134 
 224 0.2230000000000000 0.5561951830779264 
 225 0.2240000000000000 0.5565071421736226 
 226 0.2250000000000000 0.5568196577764609 
 227 0.2260000000000000 0.5571327301989571 
 228 0.2270000000000000 0.5574463597541838 
 229 0.2280000000000000 0.5577605467557702 
 230 0.2290000000000000 0.5580752915179036 
 231 0.2300000000000000 0.5583905943553285 
 232 0.2310000000000000 0.5587064555833476 
 233 0.2320000000000000 0.5590228755178224 
 234 0.2330000000000000 0.5593398544751729 
 235 0.2340000000000000 0.5596573927723779 
 236 0.2350000000000000 0.5599754907269759 
 237 0.2360000000000000 0.5602941486570647 
 238 0.2370000000000000 0.5606133668813021 
 239 0.2380000000000000 0.5609331457189064 
 240 0.2390000000000000 0.5612534854896565 
 241 0.2400000000000000 0.5615743865138920 
 242 0.2410000000000000 0.5618958491125142 
 243 0.2420000000000000 0.5622178736069857 
 244 0.2430000000000000 0.5625404603193308 
 245 0.2440000000000000 0.5628636095721362 
 246 0.2450000000000000 0.5631873216885513 
 247 0.2460000000000000 0.5635115969922881 
 248 0.2470000000000000 0.5638364358076220 
 249 0.2480000000000000 0.5641618384593917 
 250 0.2490000000000000 0.5644878052730000 
 251 0.2500000000000000 0.5648143365744137 
 252 0.2510000000000000 0.5651414326901640 
 253 0.2520000000000000 0.5654690939473471 
 254 0.2530000000000000 0.5657973206736243 
 255 0.2540000000000000 0.5661261131972223 
 256 0.2550000000000000 0.5664554718469337 
 257 0.2560000000000000 0.5667853969521170 
 258 0.2570000000000000 0.5671158888426975 
 259 0.2580000000000000 0.5674469478491668 
 260 0.2590000000000000 0.5677785743025842 
 261 0.2600000000000000 0.5681107685345758 
 262 0.2610000000000000 0.5684435308773360 
 263 0.2620000000000000 0.5687768616636274 
 264 0.2630000000000000 0.5691107612267804 
 265 0.2640000000000000 0.5694452299006947 
 266 0.2650000000000000 0.5697802680198391 
 267 0.2660000000000000 0.5701158759192516 
 268 0.2670000000000000 0.5704520539345400 
 269 0.2680000000000000 0.5707888024018825 
 270 0.2690000000000000 0.5711261216580275 
 271 0.2700000000000000 0.5714640120402942 
 272 0.2710000000000000 0.5718024738865730 
 273 0.2720000000000000 0.5721415075353259 
 274 0.2730000000000000 0.5724811133255863 
 275 0.2740000000000000 0.5728212915969602 
 276 0.2750000000000000 0.5731620426896257 
 277 0.2760000000000000 0.5735033669443339 
 278 0.2770000000000000 0.5738452647024092 
 279 0.2780000000000000 0.5741877363057494 
 280 0.2790000000000000 0.5745307820968258 
 281 0.2800000000000000 0.5748744024186845 
 282 0.2810000000000000 0.5752185976149456 
 283 0.2820000000000000 0.5755633680298045 
 284 0.2830000000000000 0.5759087140080313 
 285 0.2840000000000000 0.5762546358949724 
 286 0.2850000000000000 0.5766011340365493 
 287 0.2860000000000000 0.5769482087792603 
 288 0.2870000000000000 0.5772958604701802 
 289 0.2880000000000000 0.5776440894569607 
 290 0.2890000000000000 0.5779928960878308 
 291 0.2900000000000000 0.5783422807115970 
 292 0.2910000000000000 0.5786922436776439 
 293 0.2920000000000000 0.5790427853359346 
 294 0.2930000000000000 0.5793939060370107 
 295 0.2940000000000000 0.5797456061319928 
 296 0.2950000000000000 0.5800978859725812 
 297 0.2960000000000000 0.5804507459110555 
 298 0.2970000000000000 0.5808041863002760 
 299 0.2980000000000000 0.5811582074936829 
 300 0.2990000000000000 0.5815128098452974 
 301 0.3000000000000000 0.5818679937097219 
 302 0.3010000000000000 0.5822237594421400 
 303 0.3020000000000000 0.5825801073983178 
 304 0.3030000000000000 0.5829370379346031 
 305 0.3040000000000000 0.5832945514079264 
 306 0.3050000000000000 0.5836526481758012 
 307 0.3060000000000000 0.5840113285963242 
 308 0.3070000000000000 0.5843705930281760 
 309 0.3080000000000000 0.5847304418306207 
 310 0.3090000000000000 0.5850908753635073 
 311 0.3100000000000000 0.5854518939872696 
 312 0.3110000000000000 0.5858134980629259 
 313 0.3120000000000000 0.5861756879520803 
 314 0.3130000000000000 0.5865384640169227 
 315 0.3140000000000000 0.5869018266202291 
 316 0.3150000000000000 0.5872657761253622 
 317 0.3160000000000000 0.5876303128962717 
 318 0.3170000000000000 0.5879954372974942 
 319 0.3180000000000000 0.5883611496941540 
 320 0.3190000000000000 0.5887274504519637 
 321 0.3200000000000000 0.5890943399372239 
 322 0.3210000000000000 0.5894618185168242 
 323 0.3220000000000000 0.5898298865582431 
 324 0.3230000000000000 0.5901985444295486 
 325 0.3240000000000000 0.5905677924993985 
 326 0.3250000000000000 0.5909376311370410 
 327 0.3260000000000000 0.5913080607123147 
 328 0.3270000000000000 0.5916790815956491 
 329 0.3280000000000000 0.5920506941580653 
 330 0.3290000000000000 0.5924228987711758 
 331 0.3300000000000000 0.5927956958071852 
 332 0.3310000000000000 0.5931690856388905 
 333 0.3320000000000000 0.5935430686396815 
 334 0.3330000000000000 0.5939176451835412 
 335 0.3340000000000000 0.5942928156450461 
 336 0.3350000000000000 0.5946685803993667 
 337 0.3360000000000000 0.5950449398222677 
 338 0.3370000000000000 0.5954218942901088 
 339 0.3380000000000000 0.5957994441798443 
 340 0.3390000000000000 0.5961775898690240 
 341 0.3400000000000000 0.5965563317357937 
 342 0.3410000000000000 0.5969356701588950 
 343 0.3420000000000000 0.5973156055176667 
 344 0.3430000000000000 0.5976961381920440 
 345 0.3440000000000000 0.5980772685625596 
 346 0.3450000000000000 0.5984589970103438 
 347 0.3460000000000000 0.5988413239171250 
 348 0.3470000000000000 0.5992242496652301 
 349 0.3480000000000000 0.5996077746375850 
 350 0.3490000000000000 0.5999918992177147 
 351 0.3500000000000000 0.6003766237897437 
 352 0.3510000000000000 0.6007619487383964 
 353 0.3520000000000000 0.6011478744489980 
 354 0.3530000000000000 0.6015344013074742 
 355 0.3540000000000000 0.6019215297003517 
 356 0.3550000000000000 0.6023092600147590 
 357 0.3560000000000000 0.6026975926384266 
 358 0.3570000000000000 0.6030865279596870 
 359 0.3580000000000000 0.6034760663674755 
 360 0.3590000000000000 0.6038662082513304 
 361 0.3600000000000000 0.6042569540013938 
 362 0.3610000000000000 0.6046483040084111 
 363 0.3620000000000000 0.6050402586637327 
 364 0.3630000000000000 0.6054328183593131 
 365 0.3640000000000000 0.6058259834877118 
 366 0.3650000000000000 0.6062197544420941 
 367 0.3660000000000000 0.6066141316162310 
 368 0.3670000000000000 0.6070091154044996 
 369 0.3680000000000000 0.6074047062018838 
 370 0.3690000000000000 0.6078009044039743 
 371 0.3700000000000000 0.6081977104069691 
 372 0.3710000000000000 0.6085951246076744 
 373 0.3720000000000000 0.6089931474035043 
 374 0.3730000000000000 0.6093917791924818 
 375 0.3740000000000000 0.6097910203732386 
 376 0.3750000000000000 0.6101908713450158 
 377 0.3760000000000000 0.6105913325076644 
 378 0.3770000000000000 0.6109924042616456 
 379 0.3780000000000000 0.6113940870080312 
 380 0.3790000000000000 0.6117963811485040 
 381 0.3800000000000000 0.6121992870853579 
 382 0.3810000000000000 0.6126028052214990 
 383 0.3820000000000000 0.6130069359604455 
 384 0.3830000000000000 0.6134116797063279 
 385 0.3840000000000000 0.6138170368638901 
 386 0.3850000000000000 0.6142230078384893 
 387 0.3860000000000000 0.6146295930360963 
 388 0.3870000000000000 0.6150367928632965 
 389 0.3880000000000000 0.6154446077272896 
 390 0.3890000000000000 0.6158530380358905 
 391 0.3900000000000000 0.6162620841975295 
 392 0.3910000000000000 0.6166717466212528 
 393 0.3920000000000000 0.6170820257167229 
 394 0.3930000000000000 0.6174929218942188 
 395 0.3940000000000000 0.6179044355646367 
 396 0.3950000000000000 0.6183165671394901 
 397 0.3960000000000000 0.6187293170309108 
 398 0.3970000000000000 0.6191426856516486 
 399 0.3980000000000000 0.6195566734150723 
 400 0.3990000000000000 0.6199712807351694 
 401 0.4000000000000000 0.6203865080265472 
 402 0.4010000000000000 0.6208023557044330 
 403 0.4020000000000000 0.6212188241846748 
 404 0.4030000000000000 0.6216359138837407 
 405 0.4040000000000000 0.6220536252187208 
 406 0.4050000000000000 0.6224719586073261 
 407 0.4060000000000000 0.6228909144678899 
 408 0.4070000000000000 0.6233104932193683 
 409 0.4080000000000000 0.6237306952813400 
 410 0.4090000000000000 0.6241515210740070 
 411 0.4100000000000000 0.6245729710181951 
 412 0.4110000000000000 0.6249950455353543 
 413 0.4120000000000000 0.6254177450475592 
 414 0.4130000000000000 0.6258410699775092 
 415 0.4140000000000000 0.6262650207485292 
 416 0.4150000000000000 0.6266895977845700 
 417 0.4160000000000000 0.6271148015102088 
 418 0.4170000000000000 0.6275406323506493 
 419 0.4180000000000000 0.6279670907317221 
 420 0.4190000000000000 0.6283941770798857 
 421 0.4200000000000000 0.6288218918222265 
 422 0.4210000000000000 0.6292502353864592 
 423 0.4220000000000000 0.6296792082009274 
 424 0.4230000000000000 0.6301088106946038 
 425 0.4240000000000000 0.6305390432970910 
 426 0.4250000000000000 0.6309699064386215 
 427 0.4260000000000000 0.6314014005500584 
 428 0.4270000000000000 0.6318335260628962 
 429 0.4280000000000000 0.6322662834092602 
 430 0.4290000000000000 0.6326996730219075 
 431 0.4300000000000000 0.6331336953342281 
 432 0.4310000000000000 0.6335683507802441 
 433 0.4320000000000000 0.6340036397946109 
 434 0.4330000000000000 0.6344395628126178 
 435 0.4340000000000000 0.6348761202701876 
 436 0.4350000000000000 0.6353133126038776 
 437 0.4360000000000000 0.6357511402508803 
 438 0.4370000000000000 0.6361896036490233 
 439 0.4380000000000000 0.6366287032367702 
 440 0.4390000000000000 0.6370684394532204 
 441 0.4400000000000000 0.6375088127381102 
 442 0.4410000000000000 0.6379498235318128 
 443 0.4420000000000000 0.6383914722753391 
 444 0.4430000000000000 0.6388337594103377 
 445 0.4440000000000000 0.6392766853790958 
 446 0.4450000000000000 0.6397202506245392 
 447 0.4460000000000000 0.6401644555902334 
 448 0.4470000000000000 0.6406093007203832 
 449 0.4480000000000000 0.6410547864598339 
 450 0.4490000000000000 0.6415009132540712 
 451 0.4500000000000000 0.6419476815492217 
 452 0.4510000000000000 0.6423950917920539 
 453 0.4520000000000000 0.6428431444299779 
 454 0.4530000000000000 0.6432918399110465 
 455 0.4540000000000000 0.6437411786839552 
 456 0.4550000000000000 0.6441911611980426 
 457 0.4560000000000000 0.6446417879032914 
 458 0.4570000000000000 0.6450930592503282 
 459 0.4580000000000000 0.6455449756904243 
 460 0.4590000000000000 0.6459975376754963 
 461 0.4600000000000000 0.6464507456581060 
 462 0.4610000000000000 0.6469046000914613 
 463 0.4620000000000000 0.6473591014294169 
 464 0.4630000000000000 0.6478142501264740 
 465 0.4640000000000000 0.6482700466377812 
 466 0.4650000000000000 0.6487264914191351 
 467 0.4660000000000000 0.6491835849269806 
 468 0.4670000000000000 0.6496413276184112 
 469 0.4680000000000000 0.6500997199511694 
 470 0.4690000000000000 0.6505587623836477 
 471 0.4700000000000000 0.6510184553748886 
 472 0.4710000000000000 0.6514787993845849 
 473 0.4720000000000000 0.6519397948730806 
 474 0.4730000000000000 0.6524014423013713 
 475 0.4740000000000000 0.6528637421311042 
 476 0.4750000000000000 0.6533266948245794 
 477 0.4760000000000000 0.6537903008447495 
 478 0.4770000000000000 0.6542545606552207 
 479 0.4780000000000000 0.6547194747202526 
 480 0.4790000000000000 0.6551850435047593 
 481 0.4800000000000000 0.6556512674743095 
 482 0.4810000000000000 0.6561181470951273 
 483 0.4820000000000000 0.6565856828340924 
 484 0.4830000000000000 0.6570538751587405 
 485 0.4840000000000000 0.6575227245372638 
 486 0.4850000000000000 0.6579922314385117 
 487 0.4860000000000000 0.6584623963319911 
 488 0.4870000000000000 0.6589332196878670 
 489 0.4880000000000000 0.6594047019769625 
 490 0.4890000000000000 0.6598768436707603 
 491 0.4900000000000000 0.6603496452414016 
 492 0.4910000000000000 0.6608231071616882 
 493 0.4920000000000000 0.6612972299050822 
 494 0.4930000000000000 0.6617720139457063 
 495 0.4940000000000000 0.6622474597583444 
 496 0.4950000000000000 0.6627235678184423 
 497 0.4960000000000000 0.6632003386021081 
 498 0.4970000000000000 0.6636777725861127 
 499 0.4980000000000000 0.6641558702478900 
 500 0.4990000000000000 0.6646346320655375 
 501 0.5000000000000000 0.6651140585178172 
 502 0.5010000000000000 0.6655941500841557 
 503 0.5020000000000000 0.6660749072446444 
 504 0.5030000000000000 0.6665563304800404 
 505 0.5040000000000000 0.6670384202717669 
 506 0.5050000000000000 0.6675211771019137 
 507 0.5060000000000000 0.6680046014532378 
 508 0.5070000000000000 0.6684886938091634 
 509 0.5080000000000000 0.6689734546537831 
 510 0.5090000000000000 0.6694588844718575 
 511 0.5100000000000000 0.6699449837488164 
 512 0.5110000000000000 0.6704317529707591 
 513 0.5120000000000000 0.6709191926244547 
 514 0.5130000000000000 0.6714073031973432 
 515 0.5140000000000000 0.6718960851775350 
 516 0.5150000000000000 0.6723855390538119 
 517 0.5160000000000000 0.6728756653156279 
 518 0.5170000000000000 0.6733664644531094 
 519 0.5180000000000000 0.6738579369570554 
 520 0.5190000000000000 0.6743500833189385 
 521 0.5200000000000000 0.6748429040309051 
 522 0.5210000000000000 0.6753363995857756 
 523 0.5220000000000000 0.6758305704770459 
 524 0.5230000000000000 0.6763254171988868 
 525 0.5240000000000000 0.6768209402461449 
 526 0.5250000000000000 0.6773171401143434 
 527 0.5260000000000000 0.6778140172996820 
 528 0.5270000000000000 0.6783115722990379 
 529 0.5280000000000000 0.6788098056099663 
 530 0.5290000000000000 0.6793087177307003 
 531 0.5300000000000000 0.6798083091601522 
 532 0.5310000000000000 0.6803085803979133 
 533 0.5320000000000000 0.6808095319442549 
 534 0.5330000000000000 0.6813111643001286 
 535 0.5340000000000000 0.6818134779671666 
 536 0.5350000000000000 0.6823164734476828 
 537 0.5360000000000000 0.6828201512446723 
 538 0.5370000000000000 0.6833245118618133 
 539 0.5380000000000000 0.6838295558034662 
 540 0.5390000000000000 0.6843352835746748 
 541 0.5400000000000000 0.6848416956811672 
 542 0.5410000000000000 0.6853487926293552 
 543 0.5420000000000000 0.6858565749263360 
 544 0.5430000000000000 0.6863650430798918 
 545 0.5440000000000000 0.6868741975984907 
 546 0.5450000000000000 0.6873840389912872 
 547 0.5460000000000000 0.6878945677681227 
 548 0.5470000000000000 0.6884057844395262 
 549 0.5480000000000000 0.6889176895167141 
 550 0.5490000000000000 0.6894302835115915 
 551 0.5500000000000000 0.6899435669367525 
 552 0.5510000000000000 0.6904575403054805 
 553 0.5520000000000000 0.6909722041317489 
 554 0.5530000000000000 0.6914875589302215 
 555 0.5540000000000000 0.6920036052162531 
 556 0.5550000000000000 0.6925203435058901 
 557 0.5560000000000000 0.6930377743158705 
 558 0.5570000000000001 0.6935558981636255 
 559 0.5580000000000001 0.6940747155672788 
 560 0.5590000000000001 0.6945942270456478 
 561 0.5600000000000001 0.6951144331182437 
 562 0.5610000000000001 0.6956353343052730 
 563 0.5620000000000001 0.6961569311276367 
 564 0.5630000000000001 0.6966792241069315 
 565 0.5640000000000001 0.6972022137654506 
 566 0.5650000000000001 0.6977259006261834 
 567 0.5660000000000001 0.6982502852128171 
 568 0.5670000000000001 0.6987753680497358 
 569 0.5680000000000001 0.6993011496620227 
 570 0.5690000000000001 0.6998276305754596 
 571 0.5700000000000001 0.7003548113165272 
 572 0.5710000000000001 0.7008826924124061 
 573 0.5720000000000001 0.7014112743909776 
 574 0.5730000000000001 0.7019405577808236 
 575 0.5740000000000001 0.7024705431112276 
 576 0.5750000000000001 0.7030012309121747 
 577 0.5760000000000001 0.7035326217143528 
 578 0.5770000000000000 0.7040647160491528 
 579 0.5780000000000000 0.7045975144486687 
 580 0.5790000000000000 0.7051310174456993 
 581 0.5800000000000000 0.7056652255737474 
 582 0.5810000000000000 0.7062001393670213 
 583 0.5820000000000000 0.7067357593604345 
 584 0.5830000000000000 0.7072720860896072 
 585 0.5840000000000000 0.7078091200908662 
 586 0.5850000000000000 0.7083468619012453 
 587 0.5860000000000000 0.7088853120584864 
 588 0.5870000000000000 0.7094244711010398 
 589 0.5880000000000000 0.7099643395680644 
 590 0.5890000000000000 0.7105049179994287 
 591 0.5900000000000000 0.7110462069357113 
 592 0.5910000000000000 0.7115882069182008 
 593 0.5920000000000000 0.7121309184888973 
 594 0.5930000000000000 0.7126743421905123 
 595 0.5940000000000000 0.7132184785664696 
 596 0.5950000000000000 0.7137633281609056 
 597 0.5960000000000000 0.7143088915186698 
 598 0.5970000000000000 0.7148551691853258 
 599 0.5980000000000000 0.7154021617071509 
 600 0.5990000000000000 0.7159498696311377 
 601 0.6000000000000000 0.7164982935049944 
 602 0.6010000000000000 0.7170474338771449 
 603 0.6020000000000000 0.7175972912967293 
 604 0.6030000000000000 0.7181478663136054 
 605 0.6040000000000000 0.7186991594783477 
 606 0.6050000000000000 0.7192511713422497 
 607 0.6060000000000000 0.7198039024573230 
 608 0.6070000000000000 0.7203573533762988 
 609 0.6080000000000000 0.7209115246526280 
 610 0.6090000000000000 0.7214664168404820 
 611 0.6100000000000000 0.7220220304947530 
 612 0.6110000000000000 0.7225783661710545 
 613 0.6120000000000000 0.7231354244257224 
 614 0.6130000000000000 0.7236932058158148 
 615 0.6140000000000000 0.7242517108991131 
 616 0.6150000000000000 0.7248109402341224 
 617 0.6160000000000000 0.7253708943800719 
 618 0.6170000000000000 0.7259315738969158 
 619 0.6180000000000000 0.7264929793453337 
 620 0.6190000000000000 0.7270551112867312 
 621 0.6200000000000000 0.7276179702832399 
 622 0.6210000000000000 0.7281815568977191 
 623 0.6220000000000000 0.7287458716937553 
 624 0.6230000000000000 0.7293109152356633 
 625 0.6240000000000000 0.7298766880884866 
 626 0.6250000000000000 0.7304431908179979 
 627 0.6260000000000000 0.7310104239907002 
 628 0.6270000000000000 0.7315783881738266 
 629 0.6280000000000000 0.7321470839353413 
 630 0.6290000000000000 0.7327165118439402 
 631 0.6300000000000000 0.7332866724690511 
 632 0.6310000000000000 0.7338575663808345 
 633 0.6320000000000000 0.7344291941501845 
 634 0.6330000000000000 0.7350015563487288 
 635 0.6340000000000000 0.7355746535488294 
 636 0.6350000000000000 0.7361484863235838 
 637 0.6360000000000000 0.7367230552468245 
 638 0.6370000000000000 0.7372983608931207 
 639 0.6380000000000000 0.7378744038377779 
 640 0.6390000000000000 0.7384511846568391 
 641 0.6400000000000000 0.7390287039270851 
 642 0.6410000000000000 0.7396069622260351 
 643 0.6420000000000000 0.7401859601319474 
 644 0.6430000000000000 0.7407656982238201 
 645 0.6440000000000000 0.7413461770813912 
 646 0.6450000000000000 0.7419273972851392 
 647 0.6460000000000000 0.7425093594162848 
 648 0.6470000000000000 0.7430920640567898 
 649 0.6480000000000000 0.7436755117893590 
 650 0.6490000000000000 0.7442597031974401 
 651 0.6500000000000000 0.7448446388652245 
 652 0.6510000000000000 0.7454303193776479 
 653 0.6520000000000000 0.7460167453203909 
 654 0.6530000000000000 0.7466039172798792 
 655 0.6540000000000000 0.7471918358432850 
 656 0.6550000000000000 0.7477805015985268 
 657 0.6560000000000000 0.7483699151342702 
 658 0.6570000000000000 0.7489600770399287 
 659 0.6580000000000000 0.7495509879056644 
 660 0.6590000000000000 0.7501426483223881 
 661 0.6600000000000000 0.7507350588817602 
 662 0.6610000000000000 0.7513282201761913 
 663 0.6620000000000000 0.7519221327988427 
 664 0.6630000000000000 0.7525167973436270 
 665 0.6640000000000000 0.7531122144052089 
 666 0.6650000000000000 0.7537083845790054 
 667 0.6660000000000000 0.7543053084611863 
 668 0.6670000000000000 0.7549029866486756 
 669 0.6680000000000000 0.7555014197391519 
 670 0.6690000000000000 0.7561006083310480 
 671 0.6700000000000000 0.7567005530235525 
 672 0.6710000000000000 0.7573012544166102 
 673 0.6720000000000000 0.7579027131109224 
 674 0.6730000000000000 0.7585049297079477 
 675 0.6740000000000000 0.7591079048099029 
 676 0.6750000000000000 0.7597116390197630 
 677 0.6760000000000000 0.7603161329412622 
 678 0.6770000000000000 0.7609213871788945 
 679 0.6780000000000000 0.7615274023379141 
 680 0.6790000000000000 0.7621341790243361 
 681 0.6800000000000000 0.7627417178449373 
 682 0.6810000000000000 0.7633500194072563 
 683 0.6820000000000001 0.7639590843195949 
 684 0.6830000000000001 0.7645689131910178 
 685 0.6840000000000001 0.7651795066313541 
 686 0.6850000000000001 0.7657908652511971 
 687 0.6860000000000001 0.7664029896619056 
 688 0.6870000000000001 0.7670158804756039 
 689 0.6880000000000001 0.7676295383051827 
 690 0.6890000000000001 0.7682439637642999 
 691 0.6900000000000001 0.7688591574673810 
 692 0.6910000000000001 0.7694751200296197 
 693 0.6920000000000001 0.7700918520669785 
 694 0.6930000000000001 0.7707093541961896 
 695 0.6940000000000001 0.7713276270347550 
 696 0.6950000000000001 0.7719466712009475 
 697 0.6960000000000001 0.7725664873138114 
 698 0.6970000000000001 0.7731870759931627 
 699 0.6980000000000001 0.7738084378595901 
 700 0.6990000000000001 0.7744305735344553 
 701 0.7000000000000001 0.7750534836398942 
 702 0.7010000000000001 0.7756771687988169 
 703 0.7020000000000001 0.7763016296349083 
 704 0.7030000000000001 0.7769268667726296 
 705 0.7040000000000000 0.7775528808372176 
 706 0.7050000000000000 0.7781796724546866 
 707 0.7060000000000000 0.7788072422518281 
 708 0.7070000000000000 0.7794355908562119 
 709 0.7080000000000000 0.7800647188961868 
 710 0.7090000000000000 0.7806946270008808 
 711 0.7100000000000000 0.7813253158002017 
 712 0.7110000000000000 0.7819567859248386 
 713 0.7120000000000000 0.7825890380062615 
 714 0.7130000000000000 0.7832220726767224 
 715 0.7140000000000000 0.7838558905692562 
 716 0.7150000000000000 0.7844904923176805 
 717 0.7160000000000000 0.7851258785565973 
 718 0.7170000000000000 0.7857620499213928 
 719 0.7180000000000000 0.7863990070482384 
 720 0.7190000000000000 0.7870367505740912 
 721 0.7200000000000000 0.7876752811366945 
 722 0.7210000000000000 0.7883145993745790 
 723 0.7220000000000000 0.7889547059270631 
 724 0.7230000000000000 0.7895956014342532 
 725 0.7240000000000000 0.7902372865370451 
 726 0.7250000000000000 0.7908797618771235 
 727 0.7260000000000000 0.7915230280969640 
 728 0.7270000000000000 0.7921670858398325 
 729 0.7280000000000000 0.7928119357497870 
 730 0.7290000000000000 0.7934575784716774 
 731 0.7300000000000000 0.7941040146511463 
 732 0.7310000000000000 0.7947512449346300 
 733 0.7320000000000000 0.7953992699693587 
 734 0.7330000000000000 0.7960480904033574 
 735 0.7340000000000000 0.7966977068854467 
 736 0.7350000000000000 0.7973481200652430 
 737 0.7360000000000000 0.7979993305931595 
 738 0.7370000000000000 0.7986513391204069 
 739 0.7380000000000000 0.7993041462989934 
 740 0.7390000000000000 0.7999577527817264 
 741 0.7400000000000000 0.8006121592222122 
 742 0.7410000000000000 0.8012673662748574 
 743 0.7420000000000000 0.8019233745948691 
 744 0.7430000000000000 0.8025801848382556 
 745 0.7440000000000000 0.8032377976618270 
 746 0.7450000000000000 0.8038962137231963 
 747 0.7460000000000000 0.8045554336807795 
 748 0.7470000000000000 0.8052154581937966 
 749 0.7480000000000000 0.8058762879222719 
 750 0.7490000000000000 0.8065379235270353 
 751 0.7500000000000000 0.8072003656697223 
 752 0.7510000000000000 0.8078636150127751 
 753 0.7520000000000000 0.8085276722194432 
 754 0.7530000000000000 0.8091925379537835 
 755 0.7540000000000000 0.8098582128806620 
 756 0.7550000000000000 0.8105246976657533 
 757 0.7560000000000000 0.8111919929755423 
 758 0.7570000000000000 0.8118600994773245 
 759 0.7580000000000000 0.8125290178392062 
 760 0.7590000000000000 0.8131987487301059 
 761 0.7600000000000000 0.8138692928197545 
 762 0.7610000000000000 0.8145406507786960 
 763 0.7620000000000000 0.8152128232782885 
 764 0.7630000000000000 0.8158858109907045 
 765 0.7640000000000000 0.8165596145889314 
 766 0.7650000000000000 0.8172342347467733 
 767 0.7660000000000000 0.8179096721388500 
 768 0.7670000000000000 0.8185859274405990 
 769 0.7680000000000000 0.8192630013282753 
 770 0.7690000000000000 0.8199408944789532 
 771 0.7700000000000000 0.8206196075705258 
 772 0.7710000000000000 0.8212991412817061 
 773 0.7720000000000000 0.8219794962920279 
 774 0.7730000000000000 0.8226606732818461 
 775 0.7740000000000000 0.8233426729323376 
 776 0.7750000000000000 0.8240254959255022 
 777 0.7760000000000000 0.8247091429441628 
 778 0.7770000000000000 0.8253936146719664 
 779 0.7780000000000000 0.8260789117933848 
 780 0.7790000000000000 0.8267650349937149 
 781 0.7800000000000000 0.8274519849590802 
 782 0.7810000000000000 0.8281397623764306 
 783 0.7820000000000000 0.8288283679335433 
 784 0.7830000000000000 0.8295178023190241 
 785 0.7840000000000000 0.8302080662223073 
 786 0.7850000000000000 0.8308991603336568 
 787 0.7860000000000000 0.8315910853441667 
 788 0.7870000000000000 0.8322838419457621 
 789 0.7880000000000000 0.8329774308311997 
 790 0.7890000000000000 0.8336718526940682 
 791 0.7900000000000000 0.8343671082287893 
 792 0.7910000000000000 0.8350631981306190 
 793 0.7920000000000000 0.8357601230956471 
 794 0.7930000000000000 0.8364578838207983 
 795 0.7940000000000000 0.8371564810038333 
 796 0.7950000000000000 0.8378559153433495 
 797 0.7960000000000000 0.8385561875387808 
 798 0.7970000000000000 0.8392572982904000 
 799 0.7980000000000000 0.8399592482993176 
 800 0.7990000000000000 0.8406620382674836 
 801 0.8000000000000000 0.8413656688976880 
 802 0.8010000000000000 0.8420701408935615 
 803 0.8020000000000000 0.8427754549595760 
 804 0.8030000000000000 0.8434816118010455 
 805 0.8040000000000000 0.8441886121241272 
 806 0.8050000000000000 0.8448964566358210 
 807 0.8060000000000000 0.8456051460439716 
 808 0.8070000000000001 0.8463146810572686 
 809 0.8080000000000001 0.8470250623852467 
 810 0.8090000000000001 0.8477362907382872 
 811 0.8100000000000001 0.8484483668276186 
 812 0.8110000000000001 0.8491612913653167 
 813 0.8120000000000001 0.8498750650643062 
 814 0.8130000000000001 0.8505896886383612 
 815 0.8140000000000001 0.8513051628021047 
 816 0.8150000000000001 0.8520214882710112 
 817 0.8160000000000001 0.8527386657614061 
 818 0.8170000000000001 0.8534566959904668 
 819 0.8180000000000001 0.8541755796762236 
 820 0.8190000000000001 0.8548953175375601 
 821 0.8200000000000001 0.8556159102942142 
 822 0.8210000000000001 0.8563373586667786 
 823 0.8220000000000001 0.8570596633767018 
 824 0.8230000000000001 0.8577828251462886 
 825 0.8240000000000001 0.8585068446987005 
 826 0.8250000000000001 0.8592317227579575 
 827 0.8260000000000001 0.8599574600489373 
 828 0.8270000000000001 0.8606840572973773 
 829 0.8280000000000001 0.8614115152298746 
 830 0.8290000000000001 0.8621398345738872 
 831 0.8300000000000001 0.8628690160577345 
 832 0.8310000000000001 0.8635990604105978 
 833 0.8320000000000001 0.8643299683625216 
 834 0.8330000000000000 0.8650617406444138 
 835 0.8340000000000000 0.8657943779880467 
 836 0.8350000000000000 0.8665278811260579 
 837 0.8360000000000000 0.8672622507919504 
 838 0.8370000000000000 0.8679974877200937 
 839 0.8380000000000000 0.8687335926457248 
 840 0.8390000000000000 0.8694705663049488 
 841 0.8400000000000000 0.8702084094347392 
 842 0.8410000000000000 0.8709471227729392 
 843 0.8420000000000000 0.8716867070582620 
 844 0.8430000000000000 0.8724271630302921 
 845 0.8440000000000000 0.8731684914294854 
 846 0.8450000000000000 0.8739106929971703 
 847 0.8460000000000000 0.8746537684755483 
 848 0.8470000000000000 0.8753977186076950 
 849 0.8480000000000000 0.8761425441375603 
 850 0.8490000000000000 0.8768882458099700 
 851 0.8500000000000000 0.8776348243706258 
 852 0.8510000000000000 0.8783822805661060 
 853 0.8520000000000000 0.8791306151438669 
 854 0.8530000000000000 0.8798798288522430 
 855 0.8540000000000000 0.8806299224404482 
 856 0.8550000000000000 0.8813808966585759 
 857 0.8560000000000000 0.8821327522576003 
 858 0.8570000000000000 0.8828854899893772 
 859 0.8580000000000000 0.8836391106066442 
 860 0.8590000000000000 0.8843936148630219 
 861 0.8600000000000000 0.8851490035130144 
 862 0.8610000000000000 0.8859052773120105 
 863 0.8620000000000000 0.8866624370162839 
 864 0.8630000000000000 0.8874204833829944 
 865 0.8640000000000000 0.8881794171701886 
 866 0.8650000000000000 0.8889392391368000 
 867 0.8660000000000000 0.8896999500426507 
 868 0.8670000000000000 0.8904615506484516 
 869 0.8680000000000000 0.8912240417158034 
 870 0.8690000000000000 0.8919874240071970 
 871 0.8700000000000000 0.8927516982860147 
 872 0.8710000000000000 0.8935168653165310 
 873 0.8720000000000000 0.8942829258639127 
 874 0.8730000000000000 0.8950498806942204 
 875 0.8740000000000000 0.8958177305744089 
 876 0.8750000000000000 0.8965864762723282 
 877 0.8760000000000000 0.8973561185567240 
 878 0.8770000000000000 0.8981266581972386 
 879 0.8780000000000000 0.8988980959644115 
 880 0.8790000000000000 0.8996704326296805 
 881 0.8800000000000000 0.9004436689653822 
 882 0.8810000000000000 0.9012178057447531 
 883 0.8820000000000000 0.9019928437419298 
 884 0.8830000000000000 0.9027687837319501 
 885 0.8840000000000000 0.9035456264907545 
 886 0.8850000000000000 0.9043233727951856 
 887 0.8860000000000000 0.9051020234229895 
 888 0.8870000000000000 0.9058815791528170 
 889 0.8880000000000000 0.9066620407642239 
 890 0.8890000000000000 0.9074434090376716 
 891 0.8900000000000000 0.9082256847545285 
 892 0.8910000000000000 0.9090088686970702 
 893 0.8920000000000000 0.9097929616484807 
 894 0.8930000000000000 0.9105779643928529 
 895 0.8940000000000000 0.9113638777151897 
 896 0.8950000000000000 0.9121507024014042 
 897 0.8960000000000000 0.9129384392383213 
 898 0.8970000000000000 0.9137270890136776 
 899 0.8980000000000000 0.9145166525161232 
 900 0.8990000000000000 0.9153071305352215 
 901 0.9000000000000000 0.9160985238614503 
 902 0.9010000000000000 0.9168908332862031 
 903 0.9020000000000000 0.9176840596017892 
 904 0.9030000000000000 0.9184782036014352 
 905 0.9040000000000000 0.9192732660792848 
 906 0.9050000000000000 0.9200692478304010 
 907 0.9060000000000000 0.9208661496507649 
 908 0.9070000000000000 0.9216639723372788 
 909 0.9080000000000000 0.9224627166877651 
 910 0.9090000000000000 0.9232623835009682 
 911 0.9100000000000000 0.9240629735765550 
 912 0.9110000000000000 0.9248644877151154 
 913 0.9120000000000000 0.9256669267181638 
 914 0.9130000000000000 0.9264702913881389 
 915 0.9140000000000000 0.9272745825284056 
 916 0.9150000000000000 0.9280798009432550 
 917 0.9160000000000000 0.9288859474379054 
 918 0.9170000000000000 0.9296930228185034 
 919 0.9180000000000000 0.9305010278921244 
 920 0.9190000000000000 0.9313099634667734 
 921 0.9200000000000000 0.9321198303513859 
 922 0.9210000000000000 0.9329306293558289 
 923 0.9220000000000000 0.9337423612909014 
 924 0.9230000000000000 0.9345550269683353 
 925 0.9240000000000000 0.9353686272007961 
 926 0.9250000000000000 0.9361831628018843 
 927 0.9260000000000000 0.9369986345861356 
 928 0.9270000000000000 0.9378150433690217 
 929 0.9280000000000000 0.9386323899669512 
 930 0.9290000000000000 0.9394506751972708 
 931 0.9300000000000000 0.9402698998782657 
 932 0.9310000000000000 0.9410900648291606 
 933 0.9320000000000001 0.9419111708701204 
 934 0.9330000000000001 0.9427332188222513 
 935 0.9340000000000001 0.9435562095076009 
 936 0.9350000000000001 0.9443801437491602 
 937 0.9360000000000001 0.9452050223708636 
 938 0.9370000000000001 0.9460308461975896 
 939 0.9380000000000001 0.9468576160551618 
 940 0.9390000000000001 0.9476853327703502 
 941 0.9400000000000001 0.9485139971708713 
 942 0.9410000000000001 0.9493436100853897 
 943 0.9420000000000001 0.9501741723435183 
 944 0.9430000000000001 0.9510056847758195 
 945 0.9440000000000001 0.9518381482138056 
 946 0.9450000000000001 0.9526715634899401 
 947 0.9460000000000001 0.9535059314376381 
 948 0.9470000000000001 0.9543412528912676 
 949 0.9480000000000001 0.9551775286861501 
 950 0.9490000000000001 0.9560147596585614 
 951 0.9500000000000001 0.9568529466457326 
 952 0.9510000000000001 0.9576920904858506 
 953 0.9520000000000001 0.9585321920180592 
 954 0.9530000000000001 0.9593732520824600 
 955 0.9540000000000001 0.9602152715201132 
 956 0.9550000000000001 0.9610582511730382 
 957 0.9560000000000001 0.9619021918842147 
 958 0.9570000000000001 0.9627470944975830 
 959 0.9580000000000001 0.9635929598580462 
 960 0.9590000000000001 0.9644397888114694 
 961 0.9600000000000000 0.9652875822046816 
 962 0.9610000000000000 0.9661363408854760 
 963 0.9620000000000000 0.9669860657026114 
 964 0.9630000000000000 0.9678367575058128 
 965 0.9640000000000000 0.9686884171457717 
 966 0.9650000000000000 0.9695410454741480 
 967 0.9660000000000000 0.9703946433435698 
 968 0.9670000000000000 0.9712492116076352 
 969 0.9680000000000000 0.9721047511209124 
 970 0.9690000000000000 0.9729612627389407 
 971 0.9700000000000000 0.9738187473182318 
 972 0.9710000000000000 0.9746772057162704 
 973 0.9720000000000000 0.9755366387915150 
 974 0.9730000000000000 0.9763970474033984 
 975 0.9740000000000000 0.9772584324123292 
 976 0.9750000000000000 0.9781207946796928 
 977 0.9760000000000000 0.9789841350678513 
 978 0.9770000000000000 0.9798484544401449 
 979 0.9780000000000000 0.9807137536608931 
 980 0.9790000000000000 0.9815800335953949 
 981 0.9800000000000000 0.9824472951099306 
 982 0.9810000000000000 0.9833155390717616 
 983 0.9820000000000000 0.9841847663491317 
 984 0.9830000000000000 0.9850549778112682 
 985 0.9840000000000000 0.9859261743283826 
 986 0.9850000000000000 0.9867983567716717 
 987 0.9860000000000000 0.9876715260133176 
 988 0.9870000000000000 0.9885456829264899 
 989 0.9880000000000000 0.9894208283853452 
 990 0.9890000000000000 0.9902969632650290 
 991 0.9900000000000000 0.9911740884416760 
 992 0.9910000000000000 0.9920522047924115 
 993 0.9920000000000000 0.9929313131953521 
 994 0.9930000000000000 0.9938114145296060 
 995 0.9940000000000000 0.9946925096752746 
 996 0.9950000000000000 0.9955745995134530 
 997 0.9960000000000000 0.9964576849262310 
 998 0.9970000000000000 0.9973417667966942 
 999 0.9980000000000000 0.9982268460089242 
 1000 0.9990000000000000 0.9991129234480003 
 1001 1.0000000000000000 1.0000000000000000 
