 1 0.0000000000000000 1.0000000000000000 
 2 0.0010000000000000 1.0000005000002499 
 3 0.0020000000000000 1.0000020000009995 
 4 0.0030000000000000 1.0000045000037494 
 5 0.0040000000000000 1.0000080000109994 
 6 0.0050000000000000 1.0000125000262494 
 7 0.0060000000000000 1.0000180000539998 
 8 0.0070000000000000 1.0000245000997505 
 9 0.0080000000000000 1.0000320001700014 
 10 0.0090000000000000 1.0000405002722526 
 11 0.0100000000000000 1.0000500004150044 
 12 0.0110000000000000 1.0000605006077568 
 13 0.0120000000000000 1.0000720008610098 
 14 0.0130000000000000 1.0000845011862640 
 15 0.0140000000000000 1.0000980015960197 
 16 0.0150000000000000 1.0001125021037771 
 17 0.0160000000000000 1.0001280027240367 
 18 0.0170000000000000 1.0001445034722993 
 19 0.0180000000000000 1.0001620043650656 
 20 0.0190000000000000 1.0001805054198363 
 21 0.0200000000000000 1.0002000066551124 
 22 0.0210000000000000 1.0002205080903954 
 23 0.0220000000000000 1.0002420097461866 
 24 0.0230000000000000 1.0002645116439879 
 25 0.0240000000000000 1.0002880138063008 
 26 0.0250000000000000 1.0003125162566275 
 27 0.0260000000000000 1.0003380190194706 
 28 0.0270000000000000 1.0003645221203328 
 29 0.0280000000000000 1.0003920255857173 
 30 0.0290000000000000 1.0004205294431274 
 31 0.0300000000000000 1.0004500337210671 
 32 0.0310000000000000 1.0004805384490407 
 33 0.0320000000000000 1.0005120436575528 
 34 0.0330000000000000 1.0005445493781087 
 35 0.0340000000000000 1.0005780556432140 
 36 0.0350000000000000 1.0006125624863753 
 37 0.0360000000000000 1.0006480699420992 
 38 0.0370000000000000 1.0006845780458933 
 39 0.0380000000000000 1.0007220868342657 
 40 0.0390000000000000 1.0007605963447250 
 41 0.0400000000000000 1.0008001066157810 
 42 0.0410000000000000 1.0008406176869438 
 43 0.0420000000000000 1.0008821295987245 
 44 0.0430000000000000 1.0009246423926348 
 45 0.0440000000000000 1.0009681561111878 
 46 0.0450000000000000 1.0010126707978972 
 47 0.0460000000000000 1.0010581864972776 
 48 0.0470000000000000 1.0011047032548446 
 49 0.0480000000000000 1.0011522211171151 
 50 0.0490000000000000 1.0012007401316068 
 51 0.0500000000000000 1.0012502603468385 
 52 0.0510000000000000 1.0013007818123307 
 53 0.0520000000000000 1.0013523045786048 
 54 0.0530000000000000 1.0014048286971835 
 55 0.0540000000000000 1.0014583542205910 
 56 0.0550000000000000 1.0015128812023530 
 57 0.0560000000000000 1.0015684096969966 
 58 0.0570000000000000 1.0016249397600501 
 59 0.0580000000000000 1.0016824714480435 
 60 0.0590000000000000 1.0017410048185085 
 61 0.0600000000000000 1.0018005399299783 
 62 0.0610000000000000 1.0018610768419880 
 63 0.0620000000000000 1.0019226156150745 
 64 0.0630000000000000 1.0019851563107764 
 65 0.0640000000000000 1.0020486989916351 
 66 0.0650000000000000 1.0021132437211928 
 67 0.0660000000000000 1.0021787905639945 
 68 0.0670000000000000 1.0022453395855868 
 69 0.0680000000000000 1.0023128908525187 
 70 0.0690000000000000 1.0023814444323416 
 71 0.0700000000000000 1.0024510003936089 
 72 0.0710000000000000 1.0025215588058767 
 73 0.0720000000000000 1.0025931197397036 
 74 0.0730000000000000 1.0026656832666505 
 75 0.0740000000000000 1.0027392494592808 
 76 0.0750000000000000 1.0028138183911606 
 77 0.0760000000000000 1.0028893901368590 
 78 0.0770000000000000 1.0029659647719475 
 79 0.0780000000000000 1.0030435423730011 
 80 0.0790000000000000 1.0031221230175971 
 81 0.0800000000000000 1.0032017067843162 
 82 0.0810000000000000 1.0032822937527424 
 83 0.0820000000000000 1.0033638840034622 
 84 0.0830000000000000 1.0034464776180660 
 85 0.0840000000000000 1.0035300746791478 
 86 0.0850000000000000 1.0036146752703046 
 87 0.0860000000000000 1.0037002794761367 
 88 0.0870000000000000 1.0037868873822486 
 89 0.0880000000000000 1.0038744990752480 
 90 0.0890000000000000 1.0039631146427463 
 91 0.0900000000000000 1.0040527341733596 
 92 0.0910000000000000 1.0041433577567072 
 93 0.0920000000000000 1.0042349854834125 
 94 0.0930000000000000 1.0043276174451037 
 95 0.0940000000000000 1.0044212537344124 
 96 0.0950000000000000 1.0045158944449748 
 97 0.0960000000000000 1.0046115396714317 
 98 0.0970000000000000 1.0047081895094283 
 99 0.0980000000000000 1.0048058440556145 
 100 0.0990000000000000 1.0049045034076449 
 101 0.1000000000000000 1.0050041676641790 
 102 0.1010000000000000 1.0051048369248810 
 103 0.1020000000000000 1.0052065112904200 
 104 0.1030000000000000 1.0053091908624705 
 105 0.1040000000000000 1.0054128757437120 
 106 0.1050000000000000 1.0055175660378295 
 107 0.1060000000000000 1.0056232618495131 
 108 0.1070000000000000 1.0057299632844587 
 109 0.1080000000000000 1.0058376704493677 
 110 0.1090000000000000 1.0059463834519471 
 111 0.1100000000000000 1.0060561024009100 
 112 0.1110000000000000 1.0061668274059754 
 113 0.1120000000000000 1.0062785585778684 
 114 0.1130000000000000 1.0063912960283201 
 115 0.1140000000000000 1.0065050398700679 
 116 0.1150000000000000 1.0066197902168559 
 117 0.1160000000000000 1.0067355471834341 
 118 0.1170000000000000 1.0068523108855596 
 119 0.1180000000000000 1.0069700814399960 
 120 0.1190000000000000 1.0070888589645139 
 121 0.1200000000000000 1.0072086435778909 
 122 0.1210000000000000 1.0073294353999114 
 123 0.1220000000000000 1.0074512345513673 
 124 0.1230000000000000 1.0075740411540581 
 125 0.1240000000000000 1.0076978553307900 
 126 0.1250000000000000 1.0078226772053773 
 127 0.1260000000000000 1.0079485069026419 
 128 0.1270000000000000 1.0080753445484134 
 129 0.1280000000000000 1.0082031902695294 
 130 0.1290000000000000 1.0083320441938357 
 131 0.1300000000000000 1.0084619064501865 
 132 0.1310000000000000 1.0085927771684438 
 133 0.1320000000000000 1.0087246564794783 
 134 0.1330000000000000 1.0088575445151695 
 135 0.1340000000000000 1.0089914414084054 
 136 0.1350000000000000 1.0091263472930827 
 137 0.1360000000000000 1.0092622623041074 
 138 0.1370000000000000 1.0093991865773948 
 139 0.1380000000000000 1.0095371202498691 
 140 0.1390000000000000 1.0096760634594639 
 141 0.1400000000000000 1.0098160163451224 
 142 0.1410000000000000 1.0099569790467975 
 143 0.1420000000000000 1.0100989517054519 
 144 0.1430000000000000 1.0102419344630584 
 145 0.1440000000000000 1.0103859274625995 
 146 0.1450000000000000 1.0105309308480683 
 147 0.1460000000000000 1.0106769447644681 
 148 0.1470000000000000 1.0108239693578127 
 149 0.1480000000000000 1.0109720047751267 
 150 0.1490000000000000 1.0111210511644455 
 151 0.1500000000000000 1.0112711086748156 
 152 0.1510000000000000 1.0114221774562944 
 153 0.1520000000000000 1.0115742576599507 
 154 0.1530000000000000 1.0117273494378647 
 155 0.1540000000000000 1.0118814529431281 
 156 0.1550000000000000 1.0120365683298449 
 157 0.1560000000000000 1.0121926957531300 
 158 0.1570000000000000 1.0123498353691109 
 159 0.1580000000000000 1.0125079873349274 
 160 0.1590000000000000 1.0126671518087316 
 161 0.1600000000000000 1.0128273289496876 
 162 0.1610000000000000 1.0129885189179728 
 163 0.1620000000000000 1.0131507218747768 
 164 0.1630000000000000 1.0133139379823028 
 165 0.1640000000000000 1.0134781674037669 
 166 0.1650000000000000 1.0136434103033987 
 167 0.1660000000000000 1.0138096668464409 
 168 0.1670000000000000 1.0139769371991501 
 169 0.1680000000000000 1.0141452215287967 
 170 0.1690000000000000 1.0143145200036650 
 171 0.1700000000000000 1.0144848327930531 
 172 0.1710000000000000 1.0146561600672743 
 173 0.1720000000000000 1.0148285019976560 
 174 0.1730000000000000 1.0150018587565397 
 175 0.1740000000000000 1.0151762305172825 
 176 0.1750000000000000 1.0153516174542558 
 177 0.1760000000000000 1.0155280197428467 
 178 0.1770000000000000 1.0157054375594574 
 179 0.1780000000000000 1.0158838710815057 
 180 0.1790000000000000 1.0160633204874252 
 181 0.1800000000000000 1.0162437859566653 
 182 0.1810000000000000 1.0164252676696914 
 183 0.1820000000000000 1.0166077658079855 
 184 0.1830000000000000 1.0167912805540456 
 185 0.1840000000000000 1.0169758120913861 
 186 0.1850000000000000 1.0171613606045391 
 187 0.1860000000000000 1.0173479262790530 
 188 0.1870000000000000 1.0175355093014933 
 189 0.1880000000000000 1.0177241098594432 
 190 0.1890000000000000 1.0179137281415029 
 191 0.1900000000000000 1.0181043643372911 
 192 0.1910000000000000 1.0182960186374437 
 193 0.1920000000000000 1.0184886912336149 
 194 0.1930000000000000 1.0186823823184772 
 195 0.1940000000000000 1.0188770920857220 
 196 0.1950000000000000 1.0190728207300588 
 197 0.1960000000000000 1.0192695684472164 
 198 0.1970000000000000 1.0194673354339427 
 199 0.1980000000000000 1.0196661218880045 
 200 0.1990000000000000 1.0198659280081885 
 201 0.2000000000000000 1.0200667539943007 
 202 0.2010000000000000 1.0202686000471670 
 203 0.2020000000000000 1.0204714663686336 
 204 0.2030000000000000 1.0206753531615667 
 205 0.2040000000000000 1.0208802606298528 
 206 0.2050000000000000 1.0210861889783998 
 207 0.2060000000000000 1.0212931384131356 
 208 0.2070000000000000 1.0215011091410100 
 209 0.2080000000000000 1.0217101013699939 
 210 0.2090000000000000 1.0219201153090791 
 211 0.2100000000000000 1.0221311511682800 
 212 0.2110000000000000 1.0223432091586322 
 213 0.2120000000000000 1.0225562894921936 
 214 0.2130000000000000 1.0227703923820444 
 215 0.2140000000000000 1.0229855180422875 
 216 0.2150000000000000 1.0232016666880488 
 217 0.2160000000000000 1.0234188385354770 
 218 0.2170000000000000 1.0236370338017438 
 219 0.2180000000000000 1.0238562527050443 
 220 0.2190000000000000 1.0240764954645976 
 221 0.2200000000000000 1.0242977623006464 
 222 0.2210000000000000 1.0245200534344578 
 223 0.2220000000000000 1.0247433690883230 
 224 0.2230000000000000 1.0249677094855574 
 225 0.2240000000000000 1.0251930748505016 
 226 0.2250000000000000 1.0254194654085207 
 227 0.2260000000000000 1.0256468813860051 
 228 0.2270000000000000 1.0258753230103712 
 229 0.2280000000000000 1.0261047905100606 
 230 0.2290000000000000 1.0263352841145406 
 231 0.2300000000000000 1.0265668040543048 
 232 0.2310000000000000 1.0267993505608730 
 233 0.2320000000000000 1.0270329238667921 
 234 0.2330000000000000 1.0272675242056353 
 235 0.2340000000000000 1.0275031518120028 
 236 0.2350000000000000 1.0277398069215222 
 237 0.2360000000000000 1.0279774897708487 
 238 0.2370000000000000 1.0282162005976649 
 239 0.2380000000000000 1.0284559396406818 
 240 0.2390000000000000 1.0286967071396387 
 241 0.2400000000000000 1.0289385033353029 
 242 0.2410000000000000 1.0291813284694704 
 243 0.2420000000000000 1.0294251827849665 
 244 0.2430000000000000 1.0296700665256455 
 245 0.2440000000000000 1.0299159799363911 
 246 0.2450000000000000 1.0301629232631166 
 247 0.2460000000000000 1.0304108967527656 
 248 0.2470000000000000 1.0306599006533117 
 249 0.2480000000000000 1.0309099352137587 
 250 0.2490000000000000 1.0311610006841410 
 251 0.2500000000000000 1.0314130973155242 
 252 0.2510000000000000 1.0316662253600051 
 253 0.2520000000000000 1.0319203850707113 
 254 0.2530000000000000 1.0321755767018026 
 255 0.2540000000000000 1.0324318005084709 
 256 0.2550000000000000 1.0326890567469398 
 257 0.2560000000000000 1.0329473456744656 
 258 0.2570000000000000 1.0332066675493372 
 259 0.2580000000000000 1.0334670226308766 
 260 0.2590000000000000 1.0337284111794387 
 261 0.2600000000000000 1.0339908334564121 
 262 0.2610000000000000 1.0342542897242188 
 263 0.2620000000000000 1.0345187802463154 
 264 0.2630000000000000 1.0347843052871923 
 265 0.2640000000000000 1.0350508651123747 
 266 0.2650000000000000 1.0353184599884224 
 267 0.2660000000000000 1.0355870901829305 
 268 0.2670000000000000 1.0358567559645289 
 269 0.2680000000000000 1.0361274576028832 
 270 0.2690000000000000 1.0363991953686951 
 271 0.2700000000000000 1.0366719695337023 
 272 0.2710000000000000 1.0369457803706792 
 273 0.2720000000000000 1.0372206281534364 
 274 0.2730000000000000 1.0374965131568221 
 275 0.2740000000000000 1.0377734356567210 
 276 0.2750000000000000 1.0380513959300555 
 277 0.2760000000000000 1.0383303942547859 
 278 0.2770000000000000 1.0386104309099109 
 279 0.2780000000000000 1.0388915061754669 
 280 0.2790000000000000 1.0391736203325290 
 281 0.2800000000000000 1.0394567736632117 
 282 0.2810000000000000 1.0397409664506683 
 283 0.2820000000000000 1.0400261989790915 
 284 0.2830000000000000 1.0403124715337138 
 285 0.2840000000000000 1.0405997844008077 
 286 0.2850000000000000 1.0408881378676862 
 287 0.2860000000000000 1.0411775322227026 
 288 0.2870000000000000 1.0414679677552512 
 289 0.2880000000000000 1.0417594447557676 
 290 0.2890000000000000 1.0420519635157290 
 291 0.2900000000000000 1.0423455243276543 
 292 0.2910000000000000 1.0426401274851040 
 293 0.2920000000000000 1.0429357732826814 
 294 0.2930000000000000 1.0432324620160320 
 295 0.2940000000000000 1.0435301939818449 
 296 0.2950000000000000 1.0438289694778520 
 297 0.2960000000000000 1.0441287888028286 
 298 0.2970000000000000 1.0444296522565939 
 299 0.2980000000000000 1.0447315601400118 
 300 0.2990000000000000 1.0450345127549900 
 301 0.3000000000000000 1.0453385104044810 
 302 0.3010000000000000 1.0456435533924824 
 303 0.3020000000000000 1.0459496420240373 
 304 0.3030000000000000 1.0462567766052342 
 305 0.3040000000000000 1.0465649574432079 
 306 0.3050000000000000 1.0468741848461394 
 307 0.3060000000000000 1.0471844591232560 
 308 0.3070000000000000 1.0474957805848317 
 309 0.3080000000000000 1.0478081495421883 
 310 0.3090000000000000 1.0481215663076944 
 311 0.3100000000000000 1.0484360311947669 
 312 0.3110000000000000 1.0487515445178708 
 313 0.3120000000000000 1.0490681065925194 
 314 0.3130000000000000 1.0493857177352746 
 315 0.3140000000000000 1.0497043782637476 
 316 0.3150000000000000 1.0500240884965992 
 317 0.3160000000000000 1.0503448487535394 
 318 0.3170000000000000 1.0506666593553284 
 319 0.3180000000000000 1.0509895206237769 
 320 0.3190000000000000 1.0513134328817462 
 321 0.3200000000000000 1.0516383964531486 
 322 0.3210000000000000 1.0519644116629479 
 323 0.3220000000000000 1.0522914788371591 
 324 0.3230000000000000 1.0526195983028492 
 325 0.3240000000000000 1.0529487703881379 
 326 0.3250000000000000 1.0532789954221971 
 327 0.3260000000000000 1.0536102737352517 
 328 0.3270000000000000 1.0539426056585801 
 329 0.3280000000000000 1.0542759915245141 
 330 0.3290000000000000 1.0546104316664400 
 331 0.3300000000000000 1.0549459264187977 
 332 0.3310000000000000 1.0552824761170820 
 333 0.3320000000000000 1.0556200810978424 
 334 0.3330000000000000 1.0559587416986840 
 335 0.3340000000000000 1.0562984582582673 
 336 0.3350000000000000 1.0566392311163091 
 337 0.3360000000000000 1.0569810606135821 
 338 0.3370000000000000 1.0573239470919160 
 339 0.3380000000000000 1.0576678908941970 
 340 0.3390000000000000 1.0580128923643690 
 341 0.3400000000000000 1.0583589518474334 
 342 0.3410000000000000 1.0587060696894499 
 343 0.3420000000000000 1.0590542462375363 
 344 0.3430000000000000 1.0594034818398692 
 345 0.3440000000000000 1.0597537768456839 
 346 0.3450000000000000 1.0601051316052759 
 347 0.3460000000000000 1.0604575464699995 
 348 0.3470000000000000 1.0608110217922697 
 349 0.3480000000000000 1.0611655579255621 
 350 0.3490000000000000 1.0615211552244126 
 351 0.3500000000000000 1.0618778140444185 
 352 0.3510000000000000 1.0622355347422385 
 353 0.3520000000000000 1.0625943176755936 
 354 0.3530000000000000 1.0629541632032666 
 355 0.3540000000000000 1.0633150716851030 
 356 0.3550000000000000 1.0636770434820113 
 357 0.3560000000000000 1.0640400789559634 
 358 0.3570000000000000 1.0644041784699947 
 359 0.3580000000000000 1.0647693423882045 
 360 0.3590000000000000 1.0651355710757568 
 361 0.3600000000000000 1.0655028648988805 
 362 0.3610000000000000 1.0658712242248691 
 363 0.3620000000000000 1.0662406494220820 
 364 0.3630000000000000 1.0666111408599444 
 365 0.3640000000000000 1.0669826989089479 
 366 0.3650000000000000 1.0673553239406506 
 367 0.3660000000000000 1.0677290163276774 
 368 0.3670000000000000 1.0681037764437205 
 369 0.3680000000000000 1.0684796046635401 
 370 0.3690000000000000 1.0688565013629645 
 371 0.3700000000000000 1.0692344669188905 
 372 0.3710000000000000 1.0696135017092836 
 373 0.3720000000000000 1.0699936061131785 
 374 0.3730000000000000 1.0703747805106796 
 375 0.3740000000000000 1.0707570252829615 
 376 0.3750000000000000 1.0711403408122686 
 377 0.3760000000000000 1.0715247274819166 
 378 0.3770000000000000 1.0719101856762923 
 379 0.3780000000000000 1.0722967157808538 
 380 0.3790000000000000 1.0726843181821313 
 381 0.3800000000000000 1.0730729932677270 
 382 0.3810000000000000 1.0734627414263163 
 383 0.3820000000000000 1.0738535630476469 
 384 0.3830000000000000 1.0742454585225409 
 385 0.3840000000000000 1.0746384282428938 
 386 0.3850000000000000 1.0750324726016751 
 387 0.3860000000000000 1.0754275919929293 
 388 0.3870000000000000 1.0758237868117757 
 389 0.3880000000000000 1.0762210574544091 
 390 0.3890000000000000 1.0766194043181001 
 391 0.3900000000000000 1.0770188278011954 
 392 0.3910000000000000 1.0774193283031186 
 393 0.3920000000000000 1.0778209062243702 
 394 0.3930000000000000 1.0782235619665281 
 395 0.3940000000000000 1.0786272959322480 
 396 0.3950000000000000 1.0790321085252639 
 397 0.3960000000000000 1.0794380001503883 
 398 0.3970000000000000 1.0798449712135130 
 399 0.3980000000000000 1.0802530221216089 
 400 0.3990000000000000 1.0806621532827270 
 401 0.4000000000000000 1.0810723651059986 
 402 0.4010000000000000 1.0814836580016356 
 403 0.4020000000000000 1.0818960323809308 
 404 0.4030000000000000 1.0823094886562583 
 405 0.4040000000000000 1.0827240272410745 
 406 0.4050000000000000 1.0831396485499181 
 407 0.4060000000000000 1.0835563529984102 
 408 0.4070000000000000 1.0839741410032555 
 409 0.4080000000000000 1.0843930129822419 
 410 0.4090000000000000 1.0848129693542414 
 411 0.4100000000000000 1.0852340105392106 
 412 0.4110000000000000 1.0856561369581905 
 413 0.4120000000000000 1.0860793490333074 
 414 0.4130000000000000 1.0865036471877734 
 415 0.4140000000000000 1.0869290318458869 
 416 0.4150000000000000 1.0873555034330324 
 417 0.4160000000000000 1.0877830623756815 
 418 0.4170000000000000 1.0882117091013932 
 419 0.4180000000000000 1.0886414440388141 
 420 0.4190000000000000 1.0890722676176792 
 421 0.4200000000000000 1.0895041802688121 
 422 0.4210000000000000 1.0899371824241253 
 423 0.4220000000000000 1.0903712745166212 
 424 0.4230000000000000 1.0908064569803917 
 425 0.4240000000000000 1.0912427302506194 
 426 0.4250000000000000 1.0916800947635774 
 427 0.4260000000000000 1.0921185509566302 
 428 0.4270000000000000 1.0925580992682342 
 429 0.4280000000000000 1.0929987401379377 
 430 0.4290000000000000 1.0934404740063817 
 431 0.4300000000000000 1.0938833013152998 
 432 0.4310000000000000 1.0943272225075191 
 433 0.4320000000000000 1.0947722380269611 
 434 0.4330000000000000 1.0952183483186413 
 435 0.4340000000000000 1.0956655538286699 
 436 0.4350000000000000 1.0961138550042524 
 437 0.4360000000000000 1.0965632522936901 
 438 0.4370000000000000 1.0970137461463805 
 439 0.4380000000000000 1.0974653370128173 
 440 0.4390000000000000 1.0979180253445915 
 441 0.4400000000000000 1.0983718115943910 
 442 0.4410000000000000 1.0988266962160023 
 443 0.4420000000000000 1.0992826796643098 
 444 0.4430000000000000 1.0997397623952974 
 445 0.4440000000000000 1.1001979448660473 
 446 0.4450000000000000 1.1006572275347424 
 447 0.4460000000000000 1.1011176108606651 
 448 0.4470000000000000 1.1015790953041986 
 449 0.4480000000000000 1.1020416813268277 
 450 0.4490000000000000 1.1025053693911382 
 451 0.4500000000000000 1.1029701599608184 
 452 0.4510000000000000 1.1034360535006587 
 453 0.4520000000000000 1.1039030504765526 
 454 0.4530000000000000 1.1043711513554972 
 455 0.4540000000000000 1.1048403566055933 
 456 0.4550000000000000 1.1053106666960464 
 457 0.4560000000000000 1.1057820820971664 
 458 0.4570000000000000 1.1062546032803688 
 459 0.4580000000000000 1.1067282307181747 
 460 0.4590000000000000 1.1072029648842114 
 461 0.4600000000000000 1.1076788062532130 
 462 0.4610000000000000 1.1081557553010211 
 463 0.4620000000000000 1.1086338125045847 
 464 0.4630000000000000 1.1091129783419611 
 465 0.4640000000000000 1.1095932532923158 
 466 0.4650000000000000 1.1100746378359239 
 467 0.4660000000000000 1.1105571324541699 
 468 0.4670000000000000 1.1110407376295484 
 469 0.4680000000000000 1.1115254538456645 
 470 0.4690000000000000 1.1120112815872345 
 471 0.4700000000000000 1.1124982213400862 
 472 0.4710000000000000 1.1129862735911595 
 473 0.4720000000000000 1.1134754388285066 
 474 0.4730000000000000 1.1139657175412927 
 475 0.4740000000000000 1.1144571102197967 
 476 0.4750000000000000 1.1149496173554112 
 477 0.4760000000000000 1.1154432394406433 
 478 0.4770000000000000 1.1159379769691149 
 479 0.4780000000000000 1.1164338304355637 
 480 0.4790000000000000 1.1169308003358431 
 481 0.4800000000000000 1.1174288871669229 
 482 0.4810000000000000 1.1179280914268899 
 483 0.4820000000000000 1.1184284136149483 
 484 0.4830000000000000 1.1189298542314206 
 485 0.4840000000000000 1.1194324137777474 
 486 0.4850000000000000 1.1199360927564881 
 487 0.4860000000000000 1.1204408916713215 
 488 0.4870000000000000 1.1209468110270466 
 489 0.4880000000000000 1.1214538513295831 
 490 0.4890000000000000 1.1219620130859711 
 491 0.4900000000000000 1.1224712968043722 
 492 0.4910000000000000 1.1229817029940701 
 493 0.4920000000000000 1.1234932321654711 
 494 0.4930000000000000 1.1240058848301044 
 495 0.4940000000000000 1.1245196615006225 
 496 0.4950000000000000 1.1250345626908025 
 497 0.4960000000000000 1.1255505889155453 
 498 0.4970000000000000 1.1260677406908772 
 499 0.4980000000000000 1.1265860185339500 
 500 0.4990000000000000 1.1271054229630415 
 501 0.5000000000000000 1.1276259544975562 
 502 0.5010000000000000 1.1281476136580257 
 503 0.5020000000000000 1.1286704009661093 
 504 0.5030000000000000 1.1291943169445939 
 505 0.5040000000000000 1.1297193621173958 
 506 0.5050000000000000 1.1302455370095597 
 507 0.5060000000000000 1.1307728421472607 
 508 0.5070000000000000 1.1313012780578042 
 509 0.5080000000000000 1.1318308452696262 
 510 0.5090000000000000 1.1323615443122936 
 511 0.5100000000000000 1.1328933757165056 
 512 0.5110000000000000 1.1334263400140936 
 513 0.5120000000000000 1.1339604377380219 
 514 0.5130000000000000 1.1344956694223882 
 515 0.5140000000000000 1.1350320356024239 
 516 0.5150000000000000 1.1355695368144956 
 517 0.5160000000000000 1.1361081735961043 
 518 0.5170000000000000 1.1366479464858867 
 519 0.5180000000000000 1.1371888560236156 
 520 0.5190000000000000 1.1377309027502005 
 521 0.5200000000000000 1.1382740872076882 
 522 0.5210000000000000 1.1388184099392633 
 523 0.5220000000000000 1.1393638714892487 
 524 0.5230000000000000 1.1399104724031057 
 525 0.5240000000000000 1.1404582132274355 
 526 0.5250000000000000 1.1410070945099784 
 527 0.5260000000000000 1.1415571167996159 
 528 0.5270000000000000 1.1421082806463703 
 529 0.5280000000000000 1.1426605866014055 
 530 0.5290000000000000 1.1432140352170272 
 531 0.5300000000000000 1.1437686270466845 
 532 0.5310000000000000 1.1443243626449691 
 533 0.5320000000000000 1.1448812425676165 
 534 0.5330000000000000 1.1454392673715066 
 535 0.5340000000000000 1.1459984376146641 
 536 0.5350000000000000 1.1465587538562596 
 537 0.5360000000000000 1.1471202166566092 
 538 0.5370000000000000 1.1476828265771759 
 539 0.5380000000000000 1.1482465841805691 
 540 0.5390000000000000 1.1488114900305468 
 541 0.5400000000000000 1.1493775446920149 
 542 0.5410000000000000 1.1499447487310277 
 543 0.5420000000000000 1.1505131027147892 
 544 0.5430000000000000 1.1510826072116538 
 545 0.5440000000000000 1.1516532627911258 
 546 0.5450000000000000 1.1522250700238608 
 547 0.5460000000000000 1.1527980294816658 
 548 0.5470000000000000 1.1533721417375002 
 549 0.5480000000000000 1.1539474073654765 
 550 0.5490000000000000 1.1545238269408602 
 551 0.5500000000000000 1.1551014010400711 
 552 0.5510000000000000 1.1556801302406832 
 553 0.5520000000000000 1.1562600151214255 
 554 0.5530000000000000 1.1568410562621831 
 555 0.5540000000000000 1.1574232542439971 
 556 0.5550000000000000 1.1580066096490655 
 557 0.5560000000000000 1.1585911230607437 
 558 0.5570000000000001 1.1591767950635450 
 559 0.5580000000000001 1.1597636262431417 
 560 0.5590000000000001 1.1603516171863648 
 561 0.5600000000000001 1.1609407684812054 
 562 0.5610000000000001 1.1615310807168149 
 563 0.5620000000000001 1.1621225544835054 
 564 0.5630000000000001 1.1627151903727506 
 565 0.5640000000000001 1.1633089889771862 
 566 0.5650000000000001 1.1639039508906108 
 567 0.5660000000000001 1.1645000767079865 
 568 0.5670000000000001 1.1650973670254390 
 569 0.5680000000000001 1.1656958224402585 
 570 0.5690000000000001 1.1662954435509005 
 571 0.5700000000000001 1.1668962309569864 
 572 0.5710000000000001 1.1674981852593034 
 573 0.5720000000000001 1.1681013070598056 
 574 0.5730000000000001 1.1687055969616151 
 575 0.5740000000000001 1.1693110555690218 
 576 0.5750000000000001 1.1699176834874840 
 577 0.5760000000000001 1.1705254813236299 
 578 0.5770000000000000 1.1711344496852572 
 579 0.5780000000000000 1.1717445891813343 
 580 0.5790000000000000 1.1723559004220008 
 581 0.5800000000000000 1.1729683840185681 
 582 0.5810000000000000 1.1735820405835196 
 583 0.5820000000000000 1.1741968707305119 
 584 0.5830000000000000 1.1748128750743752 
 585 0.5840000000000000 1.1754300542311138 
 586 0.5850000000000000 1.1760484088179066 
 587 0.5860000000000000 1.1766679394531083 
 588 0.5870000000000000 1.1772886467562496 
 589 0.5880000000000000 1.1779105313480378 
 590 0.5890000000000000 1.1785335938503574 
 591 0.5900000000000000 1.1791578348862708 
 592 0.5910000000000000 1.1797832550800191 
 593 0.5920000000000000 1.1804098550570226 
 594 0.5930000000000000 1.1810376354438812 
 595 0.5940000000000000 1.1816665968683755 
 596 0.5950000000000000 1.1822967399594668 
 597 0.5960000000000000 1.1829280653472982 
 598 0.5970000000000000 1.1835605736631953 
 599 0.5980000000000000 1.1841942655396664 
 600 0.5990000000000000 1.1848291416104033 
 601 0.6000000000000000 1.1854652025102821 
 602 0.6010000000000000 1.1861024488753638 
 603 0.6020000000000000 1.1867408813428946 
 604 0.6030000000000000 1.1873805005513069 
 605 0.6040000000000000 1.1880213071402199 
 606 0.6050000000000000 1.1886633017504400 
 607 0.6060000000000000 1.1893064850239621 
 608 0.6070000000000000 1.1899508576039695 
 609 0.6080000000000000 1.1905964201348347 
 610 0.6090000000000000 1.1912431732621200 
 611 0.6100000000000000 1.1918911176325788 
 612 0.6110000000000000 1.1925402538941554 
 613 0.6120000000000000 1.1931905826959861 
 614 0.6130000000000000 1.1938421046883996 
 615 0.6140000000000000 1.1944948205229178 
 616 0.6150000000000000 1.1951487308522568 
 617 0.6160000000000000 1.1958038363303269 
 618 0.6170000000000000 1.1964601376122335 
 619 0.6180000000000000 1.1971176353542776 
 620 0.6190000000000000 1.1977763302139575 
 621 0.6200000000000000 1.1984362228499679 
 622 0.6210000000000000 1.1990973139222014 
 623 0.6220000000000000 1.1997596040917489 
 624 0.6230000000000000 1.2004230940209004 
 625 0.6240000000000000 1.2010877843731462 
 626 0.6250000000000000 1.2017536758131764 
 627 0.6260000000000000 1.2024207690068827 
 628 0.6270000000000000 1.2030890646213581 
 629 0.6280000000000000 1.2037585633248984 
 630 0.6290000000000000 1.2044292657870022 
 631 0.6300000000000000 1.2051011726783720 
 632 0.6310000000000000 1.2057742846709145 
 633 0.6320000000000000 1.2064486024377419 
 634 0.6330000000000000 1.2071241266531720 
 635 0.6340000000000000 1.2078008579927291 
 636 0.6350000000000000 1.2084787971331441 
 637 0.6360000000000000 1.2091579447523566 
 638 0.6370000000000000 1.2098383015295140 
 639 0.6380000000000000 1.2105198681449729 
 640 0.6390000000000000 1.2112026452803002 
 641 0.6400000000000000 1.2118866336182728 
 642 0.6410000000000000 1.2125718338428790 
 643 0.6420000000000000 1.2132582466393194 
 644 0.6430000000000000 1.2139458726940064 
 645 0.6440000000000000 1.2146347126945662 
 646 0.6450000000000000 1.2153247673298389 
 647 0.6460000000000000 1.2160160372898789 
 648 0.6470000000000000 1.2167085232659567 
 649 0.6480000000000000 1.2174022259505577 
 650 0.6490000000000000 1.2180971460373848 
 651 0.6500000000000000 1.2187932842213582 
 652 0.6510000000000000 1.2194906411986162 
 653 0.6520000000000000 1.2201892176665154 
 654 0.6530000000000000 1.2208890143236324 
 655 0.6540000000000000 1.2215900318697637 
 656 0.6550000000000000 1.2222922710059272 
 657 0.6560000000000000 1.2229957324343621 
 658 0.6570000000000000 1.2237004168585297 
 659 0.6580000000000000 1.2244063249831143 
 660 0.6590000000000000 1.2251134575140241 
 661 0.6600000000000000 1.2258218151583917 
 662 0.6610000000000000 1.2265313986245745 
 663 0.6620000000000000 1.2272422086221559 
 664 0.6630000000000000 1.2279542458619461 
 665 0.6640000000000000 1.2286675110559822 
 666 0.6650000000000000 1.2293820049175295 
 667 0.6660000000000000 1.2300977281610819 
 668 0.6670000000000000 1.2308146815023624 
 669 0.6680000000000000 1.2315328656583246 
 670 0.6690000000000000 1.2322522813471528 
 671 0.6700000000000000 1.2329729292882625 
 672 0.6710000000000000 1.2336948102023018 
 673 0.6720000000000000 1.2344179248111513 
 674 0.6730000000000000 1.2351422738379256 
 675 0.6740000000000000 1.2358678580069737 
 676 0.6750000000000000 1.2365946780438801 
 677 0.6760000000000000 1.2373227346754647 
 678 0.6770000000000000 1.2380520286297843 
 679 0.6780000000000000 1.2387825606361327 
 680 0.6790000000000000 1.2395143314250421 
 681 0.6800000000000000 1.2402473417282831 
 682 0.6810000000000000 1.2409815922788658 
 683 0.6820000000000001 1.2417170838110412 
 684 0.6830000000000001 1.2424538170603003 
 685 0.6840000000000001 1.2431917927633767 
 686 0.6850000000000001 1.2439310116582460 
 687 0.6860000000000001 1.2446714744841274 
 688 0.6870000000000001 1.2454131819814835 
 689 0.6880000000000001 1.2461561348920220 
 690 0.6890000000000001 1.2469003339586957 
 691 0.6900000000000001 1.2476457799257035 
 692 0.6910000000000001 1.2483924735384913 
 693 0.6920000000000001 1.2491404155437529 
 694 0.6930000000000001 1.2498896066894301 
 695 0.6940000000000001 1.2506400477247142 
 696 0.6950000000000001 1.2513917394000462 
 697 0.6960000000000001 1.2521446824671179 
 698 0.6970000000000001 1.2528988776788721 
 699 0.6980000000000001 1.2536543257895043 
 700 0.6990000000000001 1.2544110275544627 
 701 0.7000000000000001 1.2551689837304489 
 702 0.7010000000000001 1.2559281950754191 
 703 0.7020000000000001 1.2566886623485845 
 704 0.7030000000000001 1.2574503863104123 
 705 0.7040000000000000 1.2582133677226266 
 706 0.7050000000000000 1.2589776073482086 
 707 0.7060000000000000 1.2597431059513982 
 708 0.7070000000000000 1.2605098642976940 
 709 0.7080000000000000 1.2612778831538543 
 710 0.7090000000000000 1.2620471632878980 
 711 0.7100000000000000 1.2628177054691054 
 712 0.7110000000000000 1.2635895104680184 
 713 0.7120000000000000 1.2643625790564421 
 714 0.7130000000000000 1.2651369120074449 
 715 0.7140000000000000 1.2659125100953599 
 716 0.7150000000000000 1.2666893740957852 
 717 0.7160000000000000 1.2674675047855848 
 718 0.7170000000000000 1.2682469029428896 
 719 0.7180000000000000 1.2690275693470974 
 720 0.7190000000000000 1.2698095047788749 
 721 0.7200000000000000 1.2705927100201575 
 722 0.7210000000000000 1.2713771858541503 
 723 0.7220000000000000 1.2721629330653292 
 724 0.7230000000000000 1.2729499524394414 
 725 0.7240000000000000 1.2737382447635062 
 726 0.7250000000000000 1.2745278108258160 
 727 0.7260000000000000 1.2753186514159367 
 728 0.7270000000000000 1.2761107673247090 
 729 0.7280000000000000 1.2769041593442489 
 730 0.7290000000000000 1.2776988282679487 
 731 0.7300000000000000 1.2784947748904769 
 732 0.7310000000000000 1.2792920000077801 
 733 0.7320000000000000 1.2800905044170836 
 734 0.7330000000000000 1.2808902889168918 
 735 0.7340000000000000 1.2816913543069890 
 736 0.7350000000000000 1.2824937013884405 
 737 0.7360000000000000 1.2832973309635936 
 738 0.7370000000000000 1.2841022438360776 
 739 0.7380000000000000 1.2849084408108058 
 740 0.7390000000000000 1.2857159226939749 
 741 0.7400000000000000 1.2865246902930672 
 742 0.7410000000000000 1.2873347444168497 
 743 0.7420000000000000 1.2881460858753768 
 744 0.7430000000000000 1.2889587154799902 
 745 0.7440000000000000 1.2897726340433193 
 746 0.7450000000000000 1.2905878423792825 
 747 0.7460000000000000 1.2914043413030880 
 748 0.7470000000000000 1.2922221316312352 
 749 0.7480000000000000 1.2930412141815144 
 750 0.7490000000000000 1.2938615897730081 
 751 0.7500000000000000 1.2946832592260917 
 752 0.7510000000000000 1.2955062233624346 
 753 0.7520000000000000 1.2963304830050011 
 754 0.7530000000000000 1.2971560389780510 
 755 0.7540000000000000 1.2979828921071399 
 756 0.7550000000000000 1.2988110432191211 
 757 0.7560000000000000 1.2996404931421459 
 758 0.7570000000000000 1.3004712427056642 
 759 0.7580000000000000 1.3013032927404251 
 760 0.7590000000000000 1.3021366440784792 
 761 0.7600000000000000 1.3029712975531775 
 762 0.7610000000000000 1.3038072539991734 
 763 0.7620000000000000 1.3046445142524234 
 764 0.7630000000000000 1.3054830791501881 
 765 0.7640000000000000 1.3063229495310322 
 766 0.7650000000000000 1.3071641262348261 
 767 0.7660000000000000 1.3080066101027463 
 768 0.7670000000000000 1.3088504019772766 
 769 0.7680000000000000 1.3096955027022092 
 770 0.7690000000000000 1.3105419131226446 
 771 0.7700000000000000 1.3113896340849931 
 772 0.7710000000000000 1.3122386664369758 
 773 0.7720000000000000 1.3130890110276252 
 774 0.7730000000000000 1.3139406687072859 
 775 0.7740000000000000 1.3147936403276153 
 776 0.7750000000000000 1.3156479267415853 
 777 0.7760000000000000 1.3165035288034823 
 778 0.7770000000000000 1.3173604473689082 
 779 0.7780000000000000 1.3182186832947815 
 780 0.7790000000000000 1.3190782374393384 
 781 0.7800000000000000 1.3199391106621330 
 782 0.7810000000000000 1.3208013038240385 
 783 0.7820000000000000 1.3216648177872479 
 784 0.7830000000000000 1.3225296534152753 
 785 0.7840000000000000 1.3233958115729565 
 786 0.7850000000000000 1.3242632931264493 
 787 0.7860000000000000 1.3251320989432354 
 788 0.7870000000000000 1.3260022298921206 
 789 0.7880000000000000 1.3268736868432360 
 790 0.7890000000000000 1.3277464706680384 
 791 0.7900000000000000 1.3286205822393118 
 792 0.7910000000000000 1.3294960224311676 
 793 0.7920000000000000 1.3303727921190460 
 794 0.7930000000000000 1.3312508921797168 
 795 0.7940000000000000 1.3321303234912798 
 796 0.7950000000000000 1.3330110869331666 
 797 0.7960000000000000 1.3338931833861407 
 798 0.7970000000000000 1.3347766137322983 
 799 0.7980000000000000 1.3356613788550700 
 800 0.7990000000000000 1.3365474796392205 
 801 0.8000000000000000 1.3374349169708508 
 802 0.8010000000000000 1.3383236917373982 
 803 0.8020000000000000 1.3392138048276374 
 804 0.8030000000000000 1.3401052571316818 
 805 0.8040000000000000 1.3409980495409837 
 806 0.8050000000000000 1.3418921829483355 
 807 0.8060000000000000 1.3427876582478704 
 808 0.8070000000000001 1.3436844763350637 
 809 0.8080000000000001 1.3445826381067336 
 810 0.8090000000000001 1.3454821444610416 
 811 0.8100000000000001 1.3463829962974945 
 812 0.8110000000000001 1.3472851945169440 
 813 0.8120000000000001 1.3481887400215880 
 814 0.8130000000000001 1.3490936337149722 
 815 0.8140000000000001 1.3499998765019900 
 816 0.8150000000000001 1.3509074692888847 
 817 0.8160000000000001 1.3518164129832488 
 818 0.8170000000000001 1.3527267084940260 
 819 0.8180000000000001 1.3536383567315120 
 820 0.8190000000000001 1.3545513586073550 
 821 0.8200000000000001 1.3554657150345566 
 822 0.8210000000000001 1.3563814269274734 
 823 0.8220000000000001 1.3572984952018174 
 824 0.8230000000000001 1.3582169207746568 
 825 0.8240000000000001 1.3591367045644174 
 826 0.8250000000000001 1.3600578474908829 
 827 0.8260000000000001 1.3609803504751961 
 828 0.8270000000000001 1.3619042144398599 
 829 0.8280000000000001 1.3628294403087384 
 830 0.8290000000000001 1.3637560290070574 
 831 0.8300000000000001 1.3646839814614053 
 832 0.8310000000000001 1.3656132985997351 
 833 0.8320000000000001 1.3665439813513638 
 834 0.8330000000000000 1.3674760306469740 
 835 0.8340000000000000 1.3684094474186148 
 836 0.8350000000000000 1.3693442325997032 
 837 0.8360000000000000 1.3702803871250242 
 838 0.8370000000000000 1.3712179119307326 
 839 0.8380000000000000 1.3721568079543531 
 840 0.8390000000000000 1.3730970761347818 
 841 0.8400000000000000 1.3740387174122870 
 842 0.8410000000000000 1.3749817327285097 
 843 0.8420000000000000 1.3759261230264652 
 844 0.8430000000000000 1.3768718892505440 
 845 0.8440000000000000 1.3778190323465123 
 846 0.8450000000000000 1.3787675532615131 
 847 0.8460000000000000 1.3797174529440674 
 848 0.8470000000000000 1.3806687323440749 
 849 0.8480000000000000 1.3816213924128151 
 850 0.8490000000000000 1.3825754341029477 
 851 0.8500000000000000 1.3835308583685144 
 852 0.8510000000000000 1.3844876661649399 
 853 0.8520000000000000 1.3854458584490317 
 854 0.8530000000000000 1.3864054361789819 
 855 0.8540000000000000 1.3873664003143684 
 856 0.8550000000000000 1.3883287518161553 
 857 0.8560000000000000 1.3892924916466942 
 858 0.8570000000000000 1.3902576207697248 
 859 0.8580000000000000 1.3912241401503764 
 860 0.8590000000000000 1.3921920507551684 
 861 0.8600000000000000 1.3931613535520113 
 862 0.8610000000000000 1.3941320495102081 
 863 0.8620000000000000 1.3951041396004547 
 864 0.8630000000000000 1.3960776247948410 
 865 0.8640000000000000 1.3970525060668524 
 866 0.8650000000000000 1.3980287843913699 
 867 0.8660000000000000 1.3990064607446722 
 868 0.8670000000000000 1.3999855361044353 
 869 0.8680000000000000 1.4009660114497349 
 870 0.8690000000000000 1.4019478877610461 
 871 0.8700000000000000 1.4029311660202453 
 872 0.8710000000000000 1.4039158472106108 
 873 0.8720000000000000 1.4049019323168239 
 874 0.8730000000000000 1.4058894223249696 
 875 0.8740000000000000 1.4068783182225379 
 876 0.8750000000000000 1.4078686209984246 
 877 0.8760000000000000 1.4088603316429325 
 878 0.8770000000000000 1.4098534511477723 
 879 0.8780000000000000 1.4108479805060634 
 880 0.8790000000000000 1.4118439207123352 
 881 0.8800000000000000 1.4128412727625279 
 882 0.8810000000000000 1.4138400376539935 
 883 0.8820000000000000 1.4148402163854970 
 884 0.8830000000000000 1.4158418099572170 
 885 0.8840000000000000 1.4168448193707470 
 886 0.8850000000000000 1.4178492456290968 
 887 0.8860000000000000 1.4188550897366925 
 888 0.8870000000000000 1.4198623526993781 
 889 0.8880000000000000 1.4208710355244167 
 890 0.8890000000000000 1.4218811392204913 
 891 0.8900000000000000 1.4228926647977054 
 892 0.8910000000000000 1.4239056132675845 
 893 0.8920000000000000 1.4249199856430770 
 894 0.8930000000000000 1.4259357829385555 
 895 0.8940000000000000 1.4269530061698172 
 896 0.8950000000000000 1.4279716563540854 
 897 0.8960000000000000 1.4289917345100100 
 898 0.8970000000000000 1.4300132416576694 
 899 0.8980000000000000 1.4310361788185708 
 900 0.8990000000000000 1.4320605470156511 
 901 0.9000000000000000 1.4330863472732784 
 902 0.9010000000000000 1.4341135806172531 
 903 0.9020000000000000 1.4351422480748086 
 904 0.9030000000000000 1.4361723506746122 
 905 0.9040000000000000 1.4372038894467667 
 906 0.9050000000000000 1.4382368654228108 
 907 0.9060000000000000 1.4392712796357205 
 908 0.9070000000000000 1.4403071331199102 
 909 0.9080000000000000 1.4413444269112330 
 910 0.9090000000000000 1.4423831620469827 
 911 0.9100000000000000 1.4434233395658946 
 912 0.9110000000000000 1.4444649605081465 
 913 0.9120000000000000 1.4455080259153590 
 914 0.9130000000000000 1.4465525368305976 
 915 0.9140000000000000 1.4475984942983731 
 916 0.9150000000000000 1.4486458993646429 
 917 0.9160000000000000 1.4496947530768125 
 918 0.9170000000000000 1.4507450564837352 
 919 0.9180000000000000 1.4517968106357144 
 920 0.9190000000000000 1.4528500165845044 
 921 0.9200000000000000 1.4539046753833111 
 922 0.9210000000000000 1.4549607880867936 
 923 0.9220000000000000 1.4560183557510644 
 924 0.9230000000000000 1.4570773794336913 
 925 0.9240000000000000 1.4581378601936978 
 926 0.9250000000000000 1.4591997990915646 
 927 0.9260000000000000 1.4602631971892306 
 928 0.9270000000000000 1.4613280555500940 
 929 0.9280000000000000 1.4623943752390134 
 930 0.9290000000000000 1.4634621573223081 
 931 0.9300000000000000 1.4645314028677605 
 932 0.9310000000000000 1.4656021129446162 
 933 0.9320000000000001 1.4666742886235848 
 934 0.9330000000000001 1.4677479309768422 
 935 0.9340000000000001 1.4688230410780307 
 936 0.9350000000000001 1.4698996200022607 
 937 0.9360000000000001 1.4709776688261109 
 938 0.9370000000000001 1.4720571886276301 
 939 0.9380000000000001 1.4731381804863384 
 940 0.9390000000000001 1.4742206454832274 
 941 0.9400000000000001 1.4753045847007620 
 942 0.9410000000000001 1.4763899992228813 
 943 0.9420000000000001 1.4774768901350002 
 944 0.9430000000000001 1.4785652585240092 
 945 0.9440000000000001 1.4796551054782769 
 946 0.9450000000000001 1.4807464320876502 
 947 0.9460000000000001 1.4818392394434556 
 948 0.9470000000000001 1.4829335286385008 
 949 0.9480000000000001 1.4840293007670748 
 950 0.9490000000000001 1.4851265569249497 
 951 0.9500000000000001 1.4862252982093818 
 952 0.9510000000000001 1.4873255257191123 
 953 0.9520000000000001 1.4884272405543686 
 954 0.9530000000000001 1.4895304438168655 
 955 0.9540000000000001 1.4906351366098063 
 956 0.9550000000000001 1.4917413200378837 
 957 0.9560000000000001 1.4928489952072814 
 958 0.9570000000000001 1.4939581632256747 
 959 0.9580000000000001 1.4950688252022313 
 960 0.9590000000000001 1.4961809822476135 
 961 0.9600000000000000 1.4972946354739785 
 962 0.9610000000000000 1.4984097859949792 
 963 0.9620000000000000 1.4995264349257660 
 964 0.9630000000000000 1.5006445833829878 
 965 0.9640000000000000 1.5017642324847933 
 966 0.9650000000000000 1.5028853833508313 
 967 0.9660000000000000 1.5040080371022531 
 968 0.9670000000000000 1.5051321948617120 
 969 0.9680000000000000 1.5062578577533658 
 970 0.9690000000000000 1.5073850269028777 
 971 0.9700000000000000 1.5085137034374165 
 972 0.9710000000000000 1.5096438884856591 
 973 0.9720000000000000 1.5107755831777903 
 974 0.9730000000000000 1.5119087886455047 
 975 0.9740000000000000 1.5130435060220080 
 976 0.9750000000000000 1.5141797364420173 
 977 0.9760000000000000 1.5153174810417633 
 978 0.9770000000000000 1.5164567409589906 
 979 0.9780000000000000 1.5175975173329590 
 980 0.9790000000000000 1.5187398113044448 
 981 0.9800000000000000 1.5198836240157423 
 982 0.9810000000000000 1.5210289566106641 
 983 0.9820000000000000 1.5221758102345428 
 984 0.9830000000000000 1.5233241860342319 
 985 0.9840000000000000 1.5244740851581073 
 986 0.9850000000000000 1.5256255087560679 
 987 0.9860000000000000 1.5267784579795376 
 988 0.9870000000000000 1.5279329339814656 
 989 0.9880000000000000 1.5290889379163279 
 990 0.9890000000000000 1.5302464709401284 
 991 0.9900000000000000 1.5314055342104003 
 992 0.9910000000000000 1.5325661288862065 
 993 0.9920000000000000 1.5337282561281418 
 994 0.9930000000000000 1.5348919170983335 
 995 0.9940000000000000 1.5360571129604423 
 996 0.9950000000000000 1.5372238448796642 
 997 0.9960000000000000 1.5383921140227312 
 998 0.9970000000000000 1.5395619215579124 
 999 0.9980000000000000 1.5407332686550155 
 1000 0.9990000000000000 1.5419061564853875 
 1001 1.0000000000000000 1.5430805862219161 
