 1 0.0000000000000000 1.0000000000000000 
 2 0.0010000000000000 0.9995391059133862 
 3 0.0020000000000000 0.9990792113658786 
 4 0.0030000000000000 0.9986203158975825 
 5 0.0040000000000000 0.9981624190496025 
 6 0.0050000000000000 0.9977055203640417 
 7 0.0060000000000000 0.9972496193840014 
 8 0.0070000000000000 0.9967947156535807 
 9 0.0080000000000000 0.9963408087178758 
 10 0.0090000000000000 0.9958878981229798 
 11 0.0100000000000000 0.9954359834159823 
 12 0.0110000000000000 0.9949850641449682 
 13 0.0120000000000000 0.9945351398590185 
 14 0.0130000000000000 0.9940862101082087 
 15 0.0140000000000000 0.9936382744436091 
 16 0.0150000000000000 0.9931913324172841 
 17 0.0160000000000000 0.9927453835822918 
 18 0.0170000000000000 0.9923004274926834 
 19 0.0180000000000000 0.9918564637035028 
 20 0.0190000000000000 0.9914134917707860 
 21 0.0200000000000000 0.9909715112515609 
 22 0.0210000000000000 0.9905305217038474 
 23 0.0220000000000000 0.9900905226866556 
 24 0.0230000000000000 0.9896515137599866 
 25 0.0240000000000000 0.9892134944848314 
 26 0.0250000000000000 0.9887764644231709 
 27 0.0260000000000000 0.9883404231379752 
 28 0.0270000000000000 0.9879053701932028 
 29 0.0280000000000000 0.9874713051538005 
 30 0.0290000000000000 0.9870382275857037 
 31 0.0300000000000000 0.9866061370558347 
 32 0.0310000000000000 0.9861750331321030 
 33 0.0320000000000000 0.9857449153834046 
 34 0.0330000000000000 0.9853157833796216 
 35 0.0340000000000000 0.9848876366916220 
 36 0.0350000000000000 0.9844604748912593 
 37 0.0360000000000000 0.9840342975513715 
 38 0.0370000000000000 0.9836091042457814 
 39 0.0380000000000000 0.9831848945492958 
 40 0.0390000000000000 0.9827616680377047 
 41 0.0400000000000000 0.9823394242877820 
 42 0.0410000000000000 0.9819181628772836 
 43 0.0420000000000000 0.9814978833849484 
 44 0.0430000000000000 0.9810785853904967 
 45 0.0440000000000000 0.9806602684746306 
 46 0.0450000000000000 0.9802429322190330 
 47 0.0460000000000000 0.9798265762063678 
 48 0.0470000000000000 0.9794112000202789 
 49 0.0480000000000000 0.9789968032453904 
 50 0.0490000000000000 0.9785833854673054 
 51 0.0500000000000000 0.9781709462726060 
 52 0.0510000000000000 0.9777594852488530 
 53 0.0520000000000000 0.9773490019845853 
 54 0.0530000000000000 0.9769394960693197 
 55 0.0540000000000000 0.9765309670935503 
 56 0.0550000000000000 0.9761234146487480 
 57 0.0560000000000000 0.9757168383273604 
 58 0.0570000000000000 0.9753112377228113 
 59 0.0580000000000000 0.9749066124295002 
 60 0.0590000000000000 0.9745029620428016 
 61 0.0600000000000000 0.9741002861590653 
 62 0.0610000000000000 0.9736985843756151 
 63 0.0620000000000000 0.9732978562907495 
 64 0.0630000000000000 0.9728981015037405 
 65 0.0640000000000000 0.9724993196148330 
 66 0.0650000000000000 0.9721015102252454 
 67 0.0660000000000000 0.9717046729371680 
 68 0.0670000000000000 0.9713088073537636 
 69 0.0680000000000000 0.9709139130791666 
 70 0.0690000000000000 0.9705199897184831 
 71 0.0700000000000000 0.9701270368777893 
 72 0.0710000000000000 0.9697350541641325 
 73 0.0720000000000000 0.9693440411855299 
 74 0.0730000000000000 0.9689539975509686 
 75 0.0740000000000000 0.9685649228704050 
 76 0.0750000000000000 0.9681768167547644 
 77 0.0760000000000000 0.9677896788159407 
 78 0.0770000000000000 0.9674035086667959 
 79 0.0780000000000000 0.9670183059211599 
 80 0.0790000000000000 0.9666340701938301 
 81 0.0800000000000000 0.9662508011005705 
 82 0.0810000000000000 0.9658684982581122 
 83 0.0820000000000000 0.9654871612841522 
 84 0.0830000000000000 0.9651067897973539 
 85 0.0840000000000000 0.9647273834173453 
 86 0.0850000000000000 0.9643489417647204 
 87 0.0860000000000000 0.9639714644610373 
 88 0.0870000000000000 0.9635949511288187 
 89 0.0880000000000000 0.9632194013915514 
 90 0.0890000000000000 0.9628448148736857 
 91 0.0900000000000000 0.9624711912006351 
 92 0.0910000000000000 0.9620985299987758 
 93 0.0920000000000000 0.9617268308954466 
 94 0.0930000000000000 0.9613560935189487 
 95 0.0940000000000000 0.9609863174985444 
 96 0.0950000000000000 0.9606175024644575 
 97 0.0960000000000000 0.9602496480478735 
 98 0.0970000000000000 0.9598827538809377 
 99 0.0980000000000000 0.9595168195967558 
 100 0.0990000000000000 0.9591518448293936 
 101 0.1000000000000000 0.9587878292138764 
 102 0.1010000000000000 0.9584247723861885 
 103 0.1020000000000000 0.9580626739832729 
 104 0.1030000000000000 0.9577015336430315 
 105 0.1040000000000000 0.9573413510043237 
 106 0.1050000000000000 0.9569821257069671 
 107 0.1060000000000000 0.9566238573917362 
 108 0.1070000000000000 0.9562665457003628 
 109 0.1080000000000000 0.9559101902755355 
 110 0.1090000000000000 0.9555547907608983 
 111 0.1100000000000000 0.9552003468010521 
 112 0.1110000000000000 0.9548468580415529 
 113 0.1120000000000000 0.9544943241289118 
 114 0.1130000000000000 0.9541427447105950 
 115 0.1140000000000000 0.9537921194350231 
 116 0.1150000000000000 0.9534424479515706 
 117 0.1160000000000000 0.9530937299105663 
 118 0.1170000000000000 0.9527459649632920 
 119 0.1180000000000000 0.9523991527619827 
 120 0.1190000000000000 0.9520532929598264 
 121 0.1200000000000000 0.9517083852109633 
 122 0.1210000000000000 0.9513644291704855 
 123 0.1220000000000000 0.9510214244944369 
 124 0.1230000000000000 0.9506793708398131 
 125 0.1240000000000000 0.9503382678645602 
 126 0.1250000000000000 0.9499981152275752 
 127 0.1260000000000000 0.9496589125887055 
 128 0.1270000000000000 0.9493206596087485 
 129 0.1280000000000000 0.9489833559494512 
 130 0.1290000000000000 0.9486470012735099 
 131 0.1300000000000000 0.9483115952445700 
 132 0.1310000000000000 0.9479771375272257 
 133 0.1320000000000000 0.9476436277870189 
 134 0.1330000000000000 0.9473110656904401 
 135 0.1340000000000000 0.9469794509049270 
 136 0.1350000000000000 0.9466487830988648 
 137 0.1360000000000000 0.9463190619415859 
 138 0.1370000000000000 0.9459902871033691 
 139 0.1380000000000000 0.9456624582554394 
 140 0.1390000000000000 0.9453355750699680 
 141 0.1400000000000000 0.9450096372200719 
 142 0.1410000000000000 0.9446846443798133 
 143 0.1420000000000000 0.9443605962241991 
 144 0.1430000000000000 0.9440374924291813 
 145 0.1440000000000000 0.9437153326716561 
 146 0.1450000000000000 0.9433941166294637 
 147 0.1460000000000000 0.9430738439813879 
 148 0.1470000000000000 0.9427545144071563 
 149 0.1480000000000000 0.9424361275874392 
 150 0.1490000000000000 0.9421186832038499 
 151 0.1500000000000000 0.9418021809389441 
 152 0.1510000000000000 0.9414866204762192 
 153 0.1520000000000000 0.9411720015001149 
 154 0.1530000000000000 0.9408583236960124 
 155 0.1540000000000000 0.9405455867502337 
 156 0.1550000000000000 0.9402337903500420 
 157 0.1560000000000000 0.9399229341836407 
 158 0.1570000000000000 0.9396130179401737 
 159 0.1580000000000000 0.9393040413097247 
 160 0.1590000000000000 0.9389960039833171 
 161 0.1600000000000000 0.9386889056529135 
 162 0.1610000000000000 0.9383827460114157 
 163 0.1620000000000000 0.9380775247526641 
 164 0.1630000000000000 0.9377732415714375 
 165 0.1640000000000000 0.9374698961634524 
 166 0.1650000000000000 0.9371674882253637 
 167 0.1660000000000000 0.9368660174547633 
 168 0.1670000000000000 0.9365654835501805 
 169 0.1680000000000000 0.9362658862110818 
 170 0.1690000000000000 0.9359672251378693 
 171 0.1700000000000000 0.9356695000318823 
 172 0.1710000000000000 0.9353727105953953 
 173 0.1720000000000000 0.9350768565316189 
 174 0.1730000000000000 0.9347819375446993 
 175 0.1740000000000000 0.9344879533397173 
 176 0.1750000000000000 0.9341949036226889 
 177 0.1760000000000000 0.9339027881005642 
 178 0.1770000000000000 0.9336116064812278 
 179 0.1780000000000000 0.9333213584734981 
 180 0.1790000000000000 0.9330320437871268 
 181 0.1800000000000000 0.9327436621327995 
 182 0.1810000000000000 0.9324562132221345 
 183 0.1820000000000000 0.9321696967676827 
 184 0.1830000000000000 0.9318841124829279 
 185 0.1840000000000000 0.9315994600822856 
 186 0.1850000000000000 0.9313157392811036 
 187 0.1860000000000000 0.9310329497956611 
 188 0.1870000000000000 0.9307510913431685 
 189 0.1880000000000000 0.9304701636417674 
 190 0.1890000000000000 0.9301901664105300 
 191 0.1900000000000000 0.9299110993694593 
 192 0.1910000000000000 0.9296329622394880 
 193 0.1920000000000000 0.9293557547424790 
 194 0.1930000000000000 0.9290794766012249 
 195 0.1940000000000000 0.9288041275394476 
 196 0.1950000000000000 0.9285297072817981 
 197 0.1960000000000000 0.9282562155538560 
 198 0.1970000000000000 0.9279836520821296 
 199 0.1980000000000000 0.9277120165940556 
 200 0.1990000000000000 0.9274413088179981 
 201 0.2000000000000000 0.9271715284832496 
 202 0.2010000000000000 0.9269026753200297 
 203 0.2020000000000000 0.9266347490594853 
 204 0.2030000000000000 0.9263677494336902 
 205 0.2040000000000000 0.9261016761756447 
 206 0.2050000000000000 0.9258365290192754 
 207 0.2060000000000000 0.9255723076994353 
 208 0.2070000000000000 0.9253090119519031 
 209 0.2080000000000000 0.9250466415133829 
 210 0.2090000000000000 0.9247851961215043 
 211 0.2100000000000000 0.9245246755148221 
 212 0.2110000000000000 0.9242650794328154 
 213 0.2120000000000000 0.9240064076158884 
 214 0.2130000000000000 0.9237486598053691 
 215 0.2140000000000000 0.9234918357435099 
 216 0.2150000000000000 0.9232359351734866 
 217 0.2160000000000000 0.9229809578393985 
 218 0.2170000000000000 0.9227269034862685 
 219 0.2180000000000000 0.9224737718600422 
 220 0.2190000000000000 0.9222215627075879 
 221 0.2200000000000000 0.9219702757766964 
 222 0.2210000000000000 0.9217199108160810 
 223 0.2220000000000000 0.9214704675753764 
 224 0.2230000000000000 0.9212219458051394 
 225 0.2240000000000000 0.9209743452568484 
 226 0.2250000000000000 0.9207276656829027 
 227 0.2260000000000000 0.9204819068366228 
 228 0.2270000000000000 0.9202370684722500 
 229 0.2280000000000000 0.9199931503449459 
 230 0.2290000000000000 0.9197501522107921 
 231 0.2300000000000000 0.9195080738267908 
 232 0.2310000000000000 0.9192669149508632 
 233 0.2320000000000000 0.9190266753418507 
 234 0.2330000000000000 0.9187873547595136 
 235 0.2340000000000000 0.9185489529645314 
 236 0.2350000000000000 0.9183114697185026 
 237 0.2360000000000000 0.9180749047839436 
 238 0.2370000000000000 0.9178392579242893 
 239 0.2380000000000000 0.9176045289038931 
 240 0.2390000000000000 0.9173707174880257 
 241 0.2400000000000000 0.9171378234428759 
 242 0.2410000000000000 0.9169058465355496 
 243 0.2420000000000000 0.9166747865340702 
 244 0.2430000000000000 0.9164446432073773 
 245 0.2440000000000000 0.9162154163253277 
 246 0.2450000000000000 0.9159871056586945 
 247 0.2460000000000000 0.9157597109791671 
 248 0.2470000000000000 0.9155332320593507 
 249 0.2480000000000000 0.9153076686727664 
 250 0.2490000000000000 0.9150830205938509 
 251 0.2500000000000000 0.9148592875979562 
 252 0.2510000000000000 0.9146364694613492 
 253 0.2520000000000000 0.9144145659612120 
 254 0.2530000000000000 0.9141935768756408 
 255 0.2540000000000000 0.9139735019836468 
 256 0.2550000000000000 0.9137543410651551 
 257 0.2560000000000000 0.9135360939010045 
 258 0.2570000000000000 0.9133187602729481 
 259 0.2580000000000000 0.9131023399636521 
 260 0.2590000000000000 0.9128868327566961 
 261 0.2600000000000000 0.9126722384365731 
 262 0.2610000000000000 0.9124585567886886 
 263 0.2620000000000000 0.9122457875993611 
 264 0.2630000000000000 0.9120339306558215 
 265 0.2640000000000000 0.9118229857462126 
 266 0.2650000000000000 0.9116129526595896 
 267 0.2660000000000000 0.9114038311859196 
 268 0.2670000000000000 0.9111956211160808 
 269 0.2680000000000000 0.9109883222418631 
 270 0.2690000000000000 0.9107819343559680 
 271 0.2700000000000000 0.9105764572520073 
 272 0.2710000000000000 0.9103718907245039 
 273 0.2720000000000000 0.9101682345688914 
 274 0.2730000000000000 0.9099654885815135 
 275 0.2740000000000000 0.9097636525596244 
 276 0.2750000000000000 0.9095627263013880 
 277 0.2760000000000000 0.9093627096058781 
 278 0.2770000000000000 0.9091636022730778 
 279 0.2780000000000000 0.9089654041038800 
 280 0.2790000000000000 0.9087681149000865 
 281 0.2800000000000000 0.9085717344644079 
 282 0.2810000000000000 0.9083762626004639 
 283 0.2820000000000000 0.9081816991127826 
 284 0.2830000000000000 0.9079880438068004 
 285 0.2840000000000000 0.9077952964888624 
 286 0.2850000000000000 0.9076034569662208 
 287 0.2860000000000000 0.9074125250470362 
 288 0.2870000000000000 0.9072225005403769 
 289 0.2880000000000000 0.9070333832562183 
 290 0.2890000000000000 0.9068451730054431 
 291 0.2900000000000000 0.9066578695998410 
 292 0.2910000000000000 0.9064714728521085 
 293 0.2920000000000000 0.9062859825758489 
 294 0.2930000000000000 0.9061013985855720 
 295 0.2940000000000000 0.9059177206966939 
 296 0.2950000000000000 0.9057349487255365 
 297 0.2960000000000000 0.9055530824893279 
 298 0.2970000000000000 0.9053721218062020 
 299 0.2980000000000000 0.9051920664951981 
 300 0.2990000000000000 0.9050129163762611 
 301 0.3000000000000000 0.9048346712702404 
 302 0.3010000000000000 0.9046573309988911 
 303 0.3020000000000000 0.9044808953848731 
 304 0.3030000000000000 0.9043053642517506 
 305 0.3040000000000000 0.9041307374239924 
 306 0.3050000000000000 0.9039570147269719 
 307 0.3060000000000000 0.9037841959869660 
 308 0.3070000000000000 0.9036122810311564 
 309 0.3080000000000000 0.9034412696876279 
 310 0.3090000000000000 0.9032711617853691 
 311 0.3100000000000000 0.9031019571542723 
 312 0.3110000000000000 0.9029336556251328 
 313 0.3120000000000000 0.9027662570296491 
 314 0.3130000000000000 0.9025997612004225 
 315 0.3140000000000000 0.9024341679709571 
 316 0.3150000000000000 0.9022694771756599 
 317 0.3160000000000000 0.9021056886498399 
 318 0.3170000000000000 0.9019428022297088 
 319 0.3180000000000000 0.9017808177523801 
 320 0.3190000000000000 0.9016197350558695 
 321 0.3200000000000000 0.9014595539790939 
 322 0.3210000000000000 0.9013002743618727 
 323 0.3220000000000000 0.9011418960449258 
 324 0.3230000000000000 0.9009844188698751 
 325 0.3240000000000000 0.9008278426792434 
 326 0.3250000000000000 0.9006721673164545 
 327 0.3260000000000000 0.9005173926258330 
 328 0.3270000000000000 0.9003635184526041 
 329 0.3280000000000000 0.9002105446428939 
 330 0.3290000000000000 0.9000584710437285 
 331 0.3300000000000000 0.8999072975030342 
 332 0.3310000000000000 0.8997570238696377 
 333 0.3320000000000000 0.8996076499932653 
 334 0.3330000000000000 0.8994591757245427 
 335 0.3340000000000000 0.8993116009149960 
 336 0.3350000000000000 0.8991649254170502 
 337 0.3360000000000000 0.8990191490840301 
 338 0.3370000000000000 0.8988742717701593 
 339 0.3380000000000000 0.8987302933305604 
 340 0.3390000000000000 0.8985872136212550 
 341 0.3400000000000000 0.8984450324991633 
 342 0.3410000000000000 0.8983037498221040 
 343 0.3420000000000000 0.8981633654487947 
 344 0.3430000000000000 0.8980238792388512 
 345 0.3440000000000000 0.8978852910527868 
 346 0.3450000000000000 0.8977476007520135 
 347 0.3460000000000000 0.8976108081988412 
 348 0.3470000000000000 0.8974749132564772 
 349 0.3480000000000000 0.8973399157890265 
 350 0.3490000000000000 0.8972058156614917 
 351 0.3500000000000000 0.8970726127397728 
 352 0.3510000000000000 0.8969403068906666 
 353 0.3520000000000000 0.8968088979818675 
 354 0.3530000000000000 0.8966783858819664 
 355 0.3540000000000000 0.8965487704604513 
 356 0.3550000000000000 0.8964200515877069 
 357 0.3560000000000000 0.8962922291350143 
 358 0.3570000000000000 0.8961653029745510 
 359 0.3580000000000000 0.8960392729793909 
 360 0.3590000000000000 0.8959141390235040 
 361 0.3600000000000000 0.8957899009817565 
 362 0.3610000000000000 0.8956665587299099 
 363 0.3620000000000000 0.8955441121446223 
 364 0.3630000000000000 0.8954225611034471 
 365 0.3640000000000000 0.8953019054848329 
 366 0.3650000000000000 0.8951821451681244 
 367 0.3660000000000000 0.8950632800335614 
 368 0.3670000000000000 0.8949453099622785 
 369 0.3680000000000000 0.8948282348363059 
 370 0.3690000000000000 0.8947120545385682 
 371 0.3700000000000000 0.8945967689528850 
 372 0.3710000000000000 0.8944823779639707 
 373 0.3720000000000000 0.8943688814574344 
 374 0.3730000000000000 0.8942562793197798 
 375 0.3740000000000000 0.8941445714384048 
 376 0.3750000000000000 0.8940337577016011 
 377 0.3760000000000000 0.8939238379985553 
 378 0.3770000000000000 0.8938148122193478 
 379 0.3780000000000000 0.8937066802549526 
 380 0.3790000000000000 0.8935994419972378 
 381 0.3800000000000000 0.8934930973389652 
 382 0.3810000000000000 0.8933876461737900 
 383 0.3820000000000000 0.8932830883962611 
 384 0.3830000000000000 0.8931794239018207 
 385 0.3840000000000000 0.8930766525868042 
 386 0.3850000000000000 0.8929747743484405 
 387 0.3860000000000000 0.8928737890848512 
 388 0.3870000000000000 0.8927736966950509 
 389 0.3880000000000000 0.8926744970789476 
 390 0.3890000000000000 0.8925761901373415 
 391 0.3900000000000000 0.8924787757719255 
 392 0.3910000000000000 0.8923822538852855 
 393 0.3920000000000000 0.8922866243808996 
 394 0.3930000000000000 0.8921918871631382 
 395 0.3940000000000000 0.8920980421372641 
 396 0.3950000000000000 0.8920050892094321 
 397 0.3960000000000000 0.8919130282866896 
 398 0.3970000000000000 0.8918218592769755 
 399 0.3980000000000000 0.8917315820891208 
 400 0.3990000000000000 0.8916421966328484 
 401 0.4000000000000000 0.8915537028187726 
 402 0.4010000000000000 0.8914661005583996 
 403 0.4020000000000000 0.8913793897641273 
 404 0.4030000000000000 0.8912935703492449 
 405 0.4040000000000000 0.8912086422279331 
 406 0.4050000000000000 0.8911246053152635 
 407 0.4060000000000000 0.8910414595271993 
 408 0.4070000000000000 0.8909592047805946 
 409 0.4080000000000000 0.8908778409931949 
 410 0.4090000000000000 0.8907973680836362 
 411 0.4100000000000000 0.8907177859714457 
 412 0.4110000000000000 0.8906390945770413 
 413 0.4120000000000000 0.8905612938217315 
 414 0.4130000000000000 0.8904843836277159 
 415 0.4140000000000000 0.8904083639180838 
 416 0.4150000000000000 0.8903332346168157 
 417 0.4160000000000000 0.8902589956487824 
 418 0.4170000000000000 0.8901856469397449 
 419 0.4180000000000000 0.8901131884163545 
 420 0.4190000000000000 0.8900416200061525 
 421 0.4200000000000000 0.8899709416375707 
 422 0.4210000000000000 0.8899011532399307 
 423 0.4220000000000000 0.8898322547434442 
 424 0.4230000000000000 0.8897642460792125 
 425 0.4240000000000000 0.8896971271792269 
 426 0.4250000000000000 0.8896308979763685 
 427 0.4260000000000000 0.8895655584044082 
 428 0.4270000000000000 0.8895011083980066 
 429 0.4280000000000000 0.8894375478927133 
 430 0.4290000000000000 0.8893748768249683 
 431 0.4300000000000000 0.8893130951321002 
 432 0.4310000000000000 0.8892522027523274 
 433 0.4320000000000000 0.8891921996247575 
 434 0.4330000000000000 0.8891330856893873 
 435 0.4340000000000000 0.8890748608871030 
 436 0.4350000000000000 0.8890175251596796 
 437 0.4360000000000000 0.8889610784497817 
 438 0.4370000000000000 0.8889055207009621 
 439 0.4380000000000000 0.8888508518576634 
 440 0.4390000000000000 0.8887970718652168 
 441 0.4400000000000000 0.8887441806698422 
 442 0.4410000000000000 0.8886921782186485 
 443 0.4420000000000000 0.8886410644596331 
 444 0.4430000000000000 0.8885908393416823 
 445 0.4440000000000000 0.8885415028145708 
 446 0.4450000000000000 0.8884930548289622 
 447 0.4460000000000000 0.8884454953364086 
 448 0.4470000000000000 0.8883988242893505 
 449 0.4480000000000000 0.8883530416411167 
 450 0.4490000000000000 0.8883081473459248 
 451 0.4500000000000000 0.8882641413588802 
 452 0.4510000000000000 0.8882210236359772 
 453 0.4520000000000000 0.8881787941340979 
 454 0.4530000000000000 0.8881374528110131 
 455 0.4540000000000000 0.8880969996253812 
 456 0.4550000000000000 0.8880574345367490 
 457 0.4560000000000000 0.8880187575055515 
 458 0.4570000000000000 0.8879809684931116 
 459 0.4580000000000000 0.8879440674616405 
 460 0.4590000000000000 0.8879080543742369 
 461 0.4600000000000000 0.8878729291948878 
 462 0.4610000000000000 0.8878386918884680 
 463 0.4620000000000000 0.8878053424207402 
 464 0.4630000000000000 0.8877728807583548 
 465 0.4640000000000000 0.8877413068688503 
 466 0.4650000000000000 0.8877106207206528 
 467 0.4660000000000000 0.8876808222830761 
 468 0.4670000000000000 0.8876519115263219 
 469 0.4680000000000000 0.8876238884214793 
 470 0.4690000000000000 0.8875967529405252 
 471 0.4700000000000000 0.8875705050563243 
 472 0.4710000000000000 0.8875451447426286 
 473 0.4720000000000000 0.8875206719740777 
 474 0.4730000000000000 0.8874970867261989 
 475 0.4740000000000000 0.8874743889754068 
 476 0.4750000000000000 0.8874525786990037 
 477 0.4760000000000000 0.8874316558751796 
 478 0.4770000000000000 0.8874116204830116 
 479 0.4780000000000000 0.8873924725024642 
 480 0.4790000000000000 0.8873742119143895 
 481 0.4800000000000000 0.8873568387005267 
 482 0.4810000000000000 0.8873403528435028 
 483 0.4820000000000000 0.8873247543268319 
 484 0.4830000000000000 0.8873100431349155 
 485 0.4840000000000000 0.8872962192530424 
 486 0.4850000000000000 0.8872832826673887 
 487 0.4860000000000000 0.8872712333650177 
 488 0.4870000000000000 0.8872600713338801 
 489 0.4880000000000000 0.8872497965628139 
 490 0.4890000000000000 0.8872404090415444 
 491 0.4900000000000000 0.8872319087606840 
 492 0.4910000000000000 0.8872242957117324 
 493 0.4920000000000000 0.8872175698870769 
 494 0.4930000000000000 0.8872117312799914 
 495 0.4940000000000000 0.8872067798846373 
 496 0.4950000000000000 0.8872027156960631 
 497 0.4960000000000000 0.8871995387102048 
 498 0.4970000000000000 0.8871972489238854 
 499 0.4980000000000000 0.8871958463348151 
 500 0.4990000000000000 0.8871953309415911 
 501 0.5000000000000000 0.8871957027436982 
 502 0.5010000000000000 0.8871969617415082 
 503 0.5020000000000000 0.8871991079362803 
 504 0.5030000000000000 0.8872021413301605 
 505 0.5040000000000000 0.8872060619261820 
 506 0.5050000000000000 0.8872108697282657 
 507 0.5060000000000000 0.8872165647412191 
 508 0.5070000000000000 0.8872231469707375 
 509 0.5080000000000000 0.8872306164234030 
 510 0.5090000000000000 0.8872389731066850 
 511 0.5100000000000000 0.8872482170289402 
 512 0.5110000000000000 0.8872583481994124 
 513 0.5120000000000000 0.8872693666282330 
 514 0.5130000000000000 0.8872812723264204 
 515 0.5140000000000000 0.8872940653058803 
 516 0.5150000000000000 0.8873077455794055 
 517 0.5160000000000000 0.8873223131606763 
 518 0.5170000000000000 0.8873377680642606 
 519 0.5180000000000000 0.8873541103056128 
 520 0.5190000000000000 0.8873713399010755 
 521 0.5200000000000000 0.8873894568678783 
 522 0.5210000000000000 0.8874084612241381 
 523 0.5220000000000000 0.8874283529888591 
 524 0.5230000000000000 0.8874491321819334 
 525 0.5240000000000000 0.8874707988241399 
 526 0.5250000000000000 0.8874933529371453 
 527 0.5260000000000000 0.8875167945435036 
 528 0.5270000000000000 0.8875411236666566 
 529 0.5280000000000000 0.8875663403309334 
 530 0.5290000000000000 0.8875924445615506 
 531 0.5300000000000000 0.8876194363846126 
 532 0.5310000000000000 0.8876473158271110 
 533 0.5320000000000000 0.8876760829169253 
 534 0.5330000000000000 0.8877057376828228 
 535 0.5340000000000000 0.8877362801544580 
 536 0.5350000000000000 0.8877677103623736 
 537 0.5360000000000000 0.8878000283379994 
 538 0.5370000000000000 0.8878332341136538 
 539 0.5380000000000000 0.8878673277225423 
 540 0.5390000000000000 0.8879023091987586 
 541 0.5400000000000000 0.8879381785772842 
 542 0.5410000000000000 0.8879749358939885 
 543 0.5420000000000000 0.8880125811856286 
 544 0.5430000000000000 0.8880511144898500 
 545 0.5440000000000000 0.8880905358451860 
 546 0.5450000000000000 0.8881308452910579 
 547 0.5460000000000000 0.8881720428677751 
 548 0.5470000000000000 0.8882141286165353 
 549 0.5480000000000000 0.8882571025794241 
 550 0.5490000000000000 0.8883009647994159 
 551 0.5500000000000000 0.8883457153203724 
 552 0.5510000000000000 0.8883913541870442 
 553 0.5520000000000000 0.8884378814450703 
 554 0.5530000000000000 0.8884852971409780 
 555 0.5540000000000000 0.8885336013221831 
 556 0.5550000000000000 0.8885827940369895 
 557 0.5560000000000000 0.8886328753345899 
 558 0.5570000000000001 0.8886838452650658 
 559 0.5580000000000001 0.8887357038793874 
 560 0.5590000000000001 0.8887884512294127 
 561 0.5600000000000001 0.8888420873678895 
 562 0.5610000000000001 0.8888966123484537 
 563 0.5620000000000001 0.8889520262256305 
 564 0.5630000000000001 0.8890083290548336 
 565 0.5640000000000001 0.8890655208923658 
 566 0.5650000000000001 0.8891236017954190 
 567 0.5660000000000001 0.8891825718220741 
 568 0.5670000000000001 0.8892424310313010 
 569 0.5680000000000001 0.8893031794829591 
 570 0.5690000000000001 0.8893648172377969 
 571 0.5700000000000001 0.8894273443574522 
 572 0.5710000000000001 0.8894907609044519 
 573 0.5720000000000001 0.8895550669422126 
 574 0.5730000000000001 0.8896202625350406 
 575 0.5740000000000001 0.8896863477481313 
 576 0.5750000000000001 0.8897533226475697 
 577 0.5760000000000001 0.8898211873003309 
 578 0.5770000000000000 0.8898899417742795 
 579 0.5780000000000000 0.8899595861381699 
 580 0.5790000000000000 0.8900301204616468 
 581 0.5800000000000000 0.8901015448152442 
 582 0.5810000000000000 0.8901738592703865 
 583 0.5820000000000000 0.8902470638993881 
 584 0.5830000000000000 0.8903211587754538 
 585 0.5840000000000000 0.8903961439726785 
 586 0.5850000000000000 0.8904720195660473 
 587 0.5860000000000000 0.8905487856314357 
 588 0.5870000000000000 0.8906264422456099 
 589 0.5880000000000000 0.8907049894862267 
 590 0.5890000000000000 0.8907844274318331 
 591 0.5900000000000000 0.8908647561618670 
 592 0.5910000000000000 0.8909459757566573 
 593 0.5920000000000000 0.8910280862974235 
 594 0.5930000000000000 0.8911110878662760 
 595 0.5940000000000000 0.8911949805462164 
 596 0.5950000000000000 0.8912797644211375 
 597 0.5960000000000000 0.8913654395758231 
 598 0.5970000000000000 0.8914520060959485 
 599 0.5980000000000000 0.8915394640680800 
 600 0.5990000000000000 0.8916278135796758 
 601 0.6000000000000000 0.8917170547190852 
 602 0.6010000000000000 0.8918071875755497 
 603 0.6020000000000000 0.8918982122392020 
 604 0.6030000000000000 0.8919901288010667 
 605 0.6040000000000000 0.8920829373530603 
 606 0.6050000000000000 0.8921766379879914 
 607 0.6060000000000000 0.8922712307995605 
 608 0.6070000000000000 0.8923667158823606 
 609 0.6080000000000000 0.8924630933318766 
 610 0.6090000000000000 0.8925603632444861 
 611 0.6100000000000000 0.8926585257174590 
 612 0.6110000000000000 0.8927575808489576 
 613 0.6120000000000000 0.8928575287380373 
 614 0.6130000000000000 0.8929583694846458 
 615 0.6140000000000000 0.8930601031896240 
 616 0.6150000000000000 0.8931627299547055 
 617 0.6160000000000000 0.8932662498825169 
 618 0.6170000000000000 0.8933706630765783 
 619 0.6180000000000000 0.8934759696413029 
 620 0.6190000000000000 0.8935821696819972 
 621 0.6200000000000000 0.8936892633048613 
 622 0.6210000000000000 0.8937972506169888 
 623 0.6220000000000000 0.8939061317263670 
 624 0.6230000000000000 0.8940159067418771 
 625 0.6240000000000000 0.8941265757732941 
 626 0.6250000000000000 0.8942381389312869 
 627 0.6260000000000000 0.8943505963274188 
 628 0.6270000000000000 0.8944639480741471 
 629 0.6280000000000000 0.8945781942848237 
 630 0.6290000000000000 0.8946933350736946 
 631 0.6300000000000000 0.8948093705559010 
 632 0.6310000000000000 0.8949263008474782 
 633 0.6320000000000000 0.8950441260653562 
 634 0.6330000000000000 0.8951628463273605 
 635 0.6340000000000000 0.8952824617522113 
 636 0.6350000000000000 0.8954029724595239 
 637 0.6360000000000000 0.8955243785698092 
 638 0.6370000000000000 0.8956466802044731 
 639 0.6380000000000000 0.8957698774858174 
 640 0.6390000000000000 0.8958939705370393 
 641 0.6400000000000000 0.8960189594822321 
 642 0.6410000000000000 0.8961448444463843 
 643 0.6420000000000000 0.8962716255553813 
 644 0.6430000000000000 0.8963993029360040 
 645 0.6440000000000000 0.8965278767159298 
 646 0.6450000000000000 0.8966573470237322 
 647 0.6460000000000000 0.8967877139888819 
 648 0.6470000000000000 0.8969189777417457 
 649 0.6480000000000000 0.8970511384135873 
 650 0.6490000000000000 0.8971841961365674 
 651 0.6500000000000000 0.8973181510437439 
 652 0.6510000000000000 0.8974530032690716 
 653 0.6520000000000000 0.8975887529474026 
 654 0.6530000000000000 0.8977254002144867 
 655 0.6540000000000000 0.8978629452069712 
 656 0.6550000000000000 0.8980013880624012 
 657 0.6560000000000000 0.8981407289192191 
 658 0.6570000000000000 0.8982809679167661 
 659 0.6580000000000000 0.8984221051952811 
 660 0.6590000000000000 0.8985641408959014 
 661 0.6600000000000000 0.8987070751606627 
 662 0.6610000000000000 0.8988509081324993 
 663 0.6620000000000000 0.8989956399552442 
 664 0.6630000000000000 0.8991412707736293 
 665 0.6640000000000000 0.8992878007332853 
 666 0.6650000000000000 0.8994352299807421 
 667 0.6660000000000000 0.8995835586634290 
 668 0.6670000000000000 0.8997327869296745 
 669 0.6680000000000000 0.8998829149287072 
 670 0.6690000000000000 0.9000339428106549 
 671 0.6700000000000000 0.9001858707265455 
 672 0.6710000000000000 0.9003386988283070 
 673 0.6720000000000000 0.9004924272687673 
 674 0.6730000000000000 0.9006470562016551 
 675 0.6740000000000000 0.9008025857815993 
 676 0.6750000000000000 0.9009590161641294 
 677 0.6760000000000000 0.9011163475056758 
 678 0.6770000000000000 0.9012745799635697 
 679 0.6780000000000000 0.9014337136960439 
 680 0.6790000000000000 0.9015937488622318 
 681 0.6800000000000000 0.9017546856221687 
 682 0.6810000000000000 0.9019165241367912 
 683 0.6820000000000001 0.9020792645679381 
 684 0.6830000000000001 0.9022429070783495 
 685 0.6840000000000001 0.9024074518316683 
 686 0.6850000000000001 0.9025728989924389 
 687 0.6860000000000001 0.9027392487261088 
 688 0.6870000000000001 0.9029065011990276 
 689 0.6880000000000001 0.9030746565784477 
 690 0.6890000000000001 0.9032437150325244 
 691 0.6900000000000001 0.9034136767303164 
 692 0.6910000000000001 0.9035845418417853 
 693 0.6920000000000001 0.9037563105377961 
 694 0.6930000000000001 0.9039289829901177 
 695 0.6940000000000001 0.9041025593714224 
 696 0.6950000000000001 0.9042770398552865 
 697 0.6960000000000001 0.9044524246161907 
 698 0.6970000000000001 0.9046287138295197 
 699 0.6980000000000001 0.9048059076715625 
 700 0.6990000000000001 0.9049840063195131 
 701 0.7000000000000001 0.9051630099514700 
 702 0.7010000000000001 0.9053429187464370 
 703 0.7020000000000001 0.9055237328843229 
 704 0.7030000000000001 0.9057054525459416 
 705 0.7040000000000000 0.9058880779130130 
 706 0.7050000000000000 0.9060716091681623 
 707 0.7060000000000000 0.9062560464949210 
 708 0.7070000000000000 0.9064413900777264 
 709 0.7080000000000000 0.9066276401019221 
 710 0.7090000000000000 0.9068147967537580 
 711 0.7100000000000000 0.9070028602203908 
 712 0.7110000000000000 0.9071918306898838 
 713 0.7120000000000000 0.9073817083512077 
 714 0.7130000000000000 0.9075724933942400 
 715 0.7140000000000000 0.9077641860097658 
 716 0.7150000000000000 0.9079567863894777 
 717 0.7160000000000000 0.9081502947259761 
 718 0.7170000000000000 0.9083447112127694 
 719 0.7180000000000000 0.9085400360442741 
 720 0.7190000000000000 0.9087362694158150 
 721 0.7200000000000000 0.9089334115236253 
 722 0.7210000000000000 0.9091314625648472 
 723 0.7220000000000000 0.9093304227375318 
 724 0.7230000000000000 0.9095302922406394 
 725 0.7240000000000000 0.9097310712740395 
 726 0.7250000000000000 0.9099327600385110 
 727 0.7260000000000000 0.9101353587357427 
 728 0.7270000000000000 0.9103388675683330 
 729 0.7280000000000000 0.9105432867397911 
 730 0.7290000000000000 0.9107486164545361 
 731 0.7300000000000000 0.9109548569178976 
 732 0.7310000000000000 0.9111620083361160 
 733 0.7320000000000000 0.9113700709163430 
 734 0.7330000000000000 0.9115790448666410 
 735 0.7340000000000000 0.9117889303959841 
 736 0.7350000000000000 0.9119997277142576 
 737 0.7360000000000000 0.9122114370322590 
 738 0.7370000000000000 0.9124240585616976 
 739 0.7380000000000000 0.9126375925151949 
 740 0.7390000000000000 0.9128520391062850 
 741 0.7400000000000000 0.9130673985494142 
 742 0.7410000000000000 0.9132836710599422 
 743 0.7420000000000000 0.9135008568541415 
 744 0.7430000000000000 0.9137189561491978 
 745 0.7440000000000000 0.9139379691632105 
 746 0.7450000000000000 0.9141578961151925 
 747 0.7460000000000000 0.9143787372250709 
 748 0.7470000000000000 0.9146004927136866 
 749 0.7480000000000000 0.9148231628027952 
 750 0.7490000000000000 0.9150467477150667 
 751 0.7500000000000000 0.9152712476740860 
 752 0.7510000000000000 0.9154966629043531 
 753 0.7520000000000000 0.9157229936312833 
 754 0.7530000000000000 0.9159502400812073 
 755 0.7540000000000000 0.9161784024813715 
 756 0.7550000000000000 0.9164074810599383 
 757 0.7560000000000000 0.9166374760459862 
 758 0.7570000000000000 0.9168683876695104 
 759 0.7580000000000000 0.9171002161614223 
 760 0.7590000000000000 0.9173329617535506 
 761 0.7600000000000000 0.9175666246786407 
 762 0.7610000000000000 0.9178012051703556 
 763 0.7620000000000000 0.9180367034632759 
 764 0.7630000000000000 0.9182731197928998 
 765 0.7640000000000000 0.9185104543956438 
 766 0.7650000000000000 0.9187487075088423 
 767 0.7660000000000000 0.9189878793707484 
 768 0.7670000000000000 0.9192279702205340 
 769 0.7680000000000000 0.9194689802982899 
 770 0.7690000000000000 0.9197109098450262 
 771 0.7700000000000000 0.9199537591026726 
 772 0.7710000000000000 0.9201975283140784 
 773 0.7720000000000000 0.9204422177230127 
 774 0.7730000000000000 0.9206878275741648 
 775 0.7740000000000000 0.9209343581131444 
 776 0.7750000000000000 0.9211818095864822 
 777 0.7760000000000000 0.9214301822416299 
 778 0.7770000000000000 0.9216794763269598 
 779 0.7780000000000000 0.9219296920917662 
 780 0.7790000000000000 0.9221808297862647 
 781 0.7800000000000000 0.9224328896615932 
 782 0.7810000000000000 0.9226858719698113 
 783 0.7820000000000000 0.9229397769639015 
 784 0.7830000000000000 0.9231946048977687 
 785 0.7840000000000000 0.9234503560262410 
 786 0.7850000000000000 0.9237070306050696 
 787 0.7860000000000000 0.9239646288909287 
 788 0.7870000000000000 0.9242231511414168 
 789 0.7880000000000000 0.9244825976150564 
 790 0.7890000000000000 0.9247429685712936 
 791 0.7900000000000000 0.9250042642704994 
 792 0.7910000000000000 0.9252664849739698 
 793 0.7920000000000000 0.9255296309439254 
 794 0.7930000000000000 0.9257937024435119 
 795 0.7940000000000000 0.9260586997368010 
 796 0.7950000000000000 0.9263246230887898 
 797 0.7960000000000000 0.9265914727654018 
 798 0.7970000000000000 0.9268592490334867 
 799 0.7980000000000000 0.9271279521608208 
 800 0.7990000000000000 0.9273975824161073 
 801 0.8000000000000000 0.9276681400689762 
 802 0.8010000000000000 0.9279396253899854 
 803 0.8020000000000000 0.9282120386506202 
 804 0.8030000000000000 0.9284853801232938 
 805 0.8040000000000000 0.9287596500813478 
 806 0.8050000000000000 0.9290348487990518 
 807 0.8060000000000000 0.9293109765516049 
 808 0.8070000000000001 0.9295880336151348 
 809 0.8080000000000001 0.9298660202666983 
 810 0.8090000000000001 0.9301449367842822 
 811 0.8100000000000001 0.9304247834468030 
 812 0.8110000000000001 0.9307055605341072 
 813 0.8120000000000001 0.9309872683269721 
 814 0.8130000000000001 0.9312699071071056 
 815 0.8140000000000001 0.9315534771571461 
 816 0.8150000000000001 0.9318379787606640 
 817 0.8160000000000001 0.9321234122021608 
 818 0.8170000000000001 0.9324097777670698 
 819 0.8180000000000001 0.9326970757417568 
 820 0.8190000000000001 0.9329853064135194 
 821 0.8200000000000001 0.9332744700705886 
 822 0.8210000000000001 0.9335645670021280 
 823 0.8220000000000001 0.9338555974982344 
 824 0.8230000000000001 0.9341475618499385 
 825 0.8240000000000001 0.9344404603492046 
 826 0.8250000000000001 0.9347342932889312 
 827 0.8260000000000001 0.9350290609629514 
 828 0.8270000000000001 0.9353247636660326 
 829 0.8280000000000001 0.9356214016938774 
 830 0.8290000000000001 0.9359189753431241 
 831 0.8300000000000001 0.9362174849113460 
 832 0.8310000000000001 0.9365169306970531 
 833 0.8320000000000001 0.9368173129996910 
 834 0.8330000000000000 0.9371186321196417 
 835 0.8340000000000000 0.9374208883582249 
 836 0.8350000000000000 0.9377240820176966 
 837 0.8360000000000000 0.9380282134012505 
 838 0.8370000000000000 0.9383332828130179 
 839 0.8380000000000000 0.9386392905580682 
 840 0.8390000000000000 0.9389462369424091 
 841 0.8400000000000000 0.9392541222729872 
 842 0.8410000000000000 0.9395629468576878 
 843 0.8420000000000000 0.9398727110053352 
 844 0.8430000000000000 0.9401834150256939 
 845 0.8440000000000000 0.9404950592294679 
 846 0.8450000000000000 0.9408076439283012 
 847 0.8460000000000000 0.9411211694347786 
 848 0.8470000000000000 0.9414356360624255 
 849 0.8480000000000000 0.9417510441257086 
 850 0.8490000000000000 0.9420673939400361 
 851 0.8500000000000000 0.9423846858217578 
 852 0.8510000000000000 0.9427029200881655 
 853 0.8520000000000000 0.9430220970574934 
 854 0.8530000000000000 0.9433422170489183 
 855 0.8540000000000000 0.9436632803825605 
 856 0.8550000000000000 0.9439852873794832 
 857 0.8560000000000000 0.9443082383616934 
 858 0.8570000000000000 0.9446321336521422 
 859 0.8580000000000000 0.9449569735747247 
 860 0.8590000000000000 0.9452827584542809 
 861 0.8600000000000000 0.9456094886165956 
 862 0.8610000000000000 0.9459371643883988 
 863 0.8620000000000000 0.9462657860973664 
 864 0.8630000000000000 0.9465953540721204 
 865 0.8640000000000000 0.9469258686422285 
 866 0.8650000000000000 0.9472573301382055 
 867 0.8660000000000000 0.9475897388915128 
 868 0.8670000000000000 0.9479230952345591 
 869 0.8680000000000000 0.9482573995007009 
 870 0.8690000000000000 0.9485926520242423 
 871 0.8700000000000000 0.9489288531404357 
 872 0.8710000000000000 0.9492660031854826 
 873 0.8720000000000000 0.9496041024965328 
 874 0.8730000000000000 0.9499431514116856 
 875 0.8740000000000000 0.9502831502699900 
 876 0.8750000000000000 0.9506240994114449 
 877 0.8760000000000000 0.9509659991769995 
 878 0.8770000000000000 0.9513088499085536 
 879 0.8780000000000000 0.9516526519489577 
 880 0.8790000000000000 0.9519974056420137 
 881 0.8800000000000000 0.9523431113324756 
 882 0.8810000000000000 0.9526897693660490 
 883 0.8820000000000000 0.9530373800893918 
 884 0.8830000000000000 0.9533859438501148 
 885 0.8840000000000000 0.9537354609967819 
 886 0.8850000000000000 0.9540859318789101 
 887 0.8860000000000000 0.9544373568469703 
 888 0.8870000000000000 0.9547897362523875 
 889 0.8880000000000000 0.9551430704475412 
 890 0.8890000000000000 0.9554973597857654 
 891 0.8900000000000000 0.9558526046213496 
 892 0.8910000000000000 0.9562088053095384 
 893 0.8920000000000000 0.9565659622065327 
 894 0.8930000000000000 0.9569240756694892 
 895 0.8940000000000000 0.9572831460565215 
 896 0.8950000000000000 0.9576431737267000 
 897 0.8960000000000000 0.9580041590400524 
 898 0.8970000000000000 0.9583661023575638 
 899 0.8980000000000000 0.9587290040411778 
 900 0.8990000000000000 0.9590928644537959 
 901 0.9000000000000000 0.9594576839592786 
 902 0.9010000000000000 0.9598234629224454 
 903 0.9020000000000000 0.9601902017090751 
 904 0.9030000000000000 0.9605579006859067 
 905 0.9040000000000000 0.9609265602206394 
 906 0.9050000000000000 0.9612961806819325 
 907 0.9060000000000000 0.9616667624394063 
 908 0.9070000000000000 0.9620383058636428 
 909 0.9080000000000000 0.9624108113261852 
 910 0.9090000000000000 0.9627842791995390 
 911 0.9100000000000000 0.9631587098571722 
 912 0.9110000000000000 0.9635341036735154 
 913 0.9120000000000000 0.9639104610239626 
 914 0.9130000000000000 0.9642877822848708 
 915 0.9140000000000000 0.9646660678335615 
 916 0.9150000000000000 0.9650453180483202 
 917 0.9160000000000000 0.9654255333083970 
 918 0.9170000000000000 0.9658067139940073 
 919 0.9180000000000000 0.9661888604863318 
 920 0.9190000000000000 0.9665719731675168 
 921 0.9200000000000000 0.9669560524206751 
 922 0.9210000000000000 0.9673410986298860 
 923 0.9220000000000000 0.9677271121801956 
 924 0.9230000000000000 0.9681140934576173 
 925 0.9240000000000000 0.9685020428491325 
 926 0.9250000000000000 0.9688909607426910 
 927 0.9260000000000000 0.9692808475272103 
 928 0.9270000000000000 0.9696717035925774 
 929 0.9280000000000000 0.9700635293296480 
 930 0.9290000000000000 0.9704563251302482 
 931 0.9300000000000000 0.9708500913871736 
 932 0.9310000000000000 0.9712448284941906 
 933 0.9320000000000001 0.9716405368460361 
 934 0.9330000000000001 0.9720372168384187 
 935 0.9340000000000001 0.9724348688680181 
 936 0.9350000000000001 0.9728334933324866 
 937 0.9360000000000001 0.9732330906304486 
 938 0.9370000000000001 0.9736336611615015 
 939 0.9380000000000001 0.9740352053262156 
 940 0.9390000000000001 0.9744377235261351 
 941 0.9400000000000001 0.9748412161637782 
 942 0.9410000000000001 0.9752456836426375 
 943 0.9420000000000001 0.9756511263671807 
 944 0.9430000000000001 0.9760575447428504 
 945 0.9440000000000001 0.9764649391760650 
 946 0.9450000000000001 0.9768733100742191 
 947 0.9460000000000001 0.9772826578456831 
 948 0.9470000000000001 0.9776929828998051 
 949 0.9480000000000001 0.9781042856469102 
 950 0.9490000000000001 0.9785165664983010 
 951 0.9500000000000001 0.9789298258662584 
 952 0.9510000000000001 0.9793440641640420 
 953 0.9520000000000001 0.9797592818058897 
 954 0.9530000000000001 0.9801754792070196 
 955 0.9540000000000001 0.9805926567836289 
 956 0.9550000000000001 0.9810108149528953 
 957 0.9560000000000001 0.9814299541329768 
 958 0.9570000000000001 0.9818500747430127 
 959 0.9580000000000001 0.9822711772031234 
 960 0.9590000000000001 0.9826932619344115 
 961 0.9600000000000000 0.9831163293589618 
 962 0.9610000000000000 0.9835403798998413 
 963 0.9620000000000000 0.9839654139811012 
 964 0.9630000000000000 0.9843914320277750 
 965 0.9640000000000000 0.9848184344658810 
 966 0.9650000000000000 0.9852464217224217 
 967 0.9660000000000000 0.9856753942253842 
 968 0.9670000000000000 0.9861053524037412 
 969 0.9680000000000000 0.9865362966874507 
 970 0.9690000000000000 0.9869682275074569 
 971 0.9700000000000000 0.9874011452956909 
 972 0.9710000000000000 0.9878350504850703 
 973 0.9720000000000000 0.9882699435095004 
 974 0.9730000000000000 0.9887058248038739 
 975 0.9740000000000000 0.9891426948040724 
 976 0.9750000000000000 0.9895805539469659 
 977 0.9760000000000000 0.9900194026704136 
 978 0.9770000000000000 0.9904592414132640 
 979 0.9780000000000000 0.9909000706153560 
 980 0.9790000000000000 0.9913418907175187 
 981 0.9800000000000000 0.9917847021615721 
 982 0.9810000000000000 0.9922285053903280 
 983 0.9820000000000000 0.9926733008475893 
 984 0.9830000000000000 0.9931190889781516 
 985 0.9840000000000000 0.9935658702278031 
 986 0.9850000000000000 0.9940136450433250 
 987 0.9860000000000000 0.9944624138724921 
 988 0.9870000000000000 0.9949121771640733 
 989 0.9880000000000000 0.9953629353678318 
 990 0.9890000000000000 0.9958146889345257 
 991 0.9900000000000000 0.9962674383159087 
 992 0.9910000000000000 0.9967211839647300 
 993 0.9920000000000000 0.9971759263347355 
 994 0.9930000000000000 0.9976316658806677 
 995 0.9940000000000000 0.9980884030582657 
 996 0.9950000000000000 0.9985461383242670 
 997 0.9960000000000000 0.9990048721364067 
 998 0.9970000000000000 0.9994646049534186 
 999 0.9980000000000000 0.9999253372350356 
 1000 0.9990000000000000 1.0003870694419899 
