 1 -1.0000000000000000 0.2676213670348503 
 2 -0.9980000000000000 0.1988155269001872 
 3 -0.9960000000000000 0.2192924302713801 
 4 -0.9940000000000000 0.2158650788514995 
 5 -0.9920000000000000 0.2188620463545685 
 6 -0.9900000000000000 0.2201570274285400 
 7 -0.9880000000000000 0.2219276732773547 
 8 -0.9860000000000000 0.2235907008950482 
 9 -0.9840000000000000 0.2253026201741981 
 10 -0.9820000000000000 0.2270217168625287 
 11 -0.9800000000000000 0.2287593935551849 
 12 -0.9780000000000000 0.2305128230916954 
 13 -0.9760000000000000 0.2322829940591071 
 14 -0.9740000000000000 0.2340698756114707 
 15 -0.9720000000000000 0.2358737130218316 
 16 -0.9700000000000000 0.2376946806131449 
 17 -0.9680000000000000 0.2395329748365093 
 18 -0.9660000000000000 0.2413887892979346 
 19 -0.9640000000000000 0.2432623215730350 
 20 -0.9620000000000000 0.2451537713586414 
 21 -0.9600000000000000 0.2470633410828820 
 22 -0.9580000000000000 0.2489912357191741 
 23 -0.9560000000000000 0.2509376629305847 
 24 -0.9540000000000000 0.2529028330739124 
 25 -0.9520000000000000 0.2548869592575747 
 26 -0.9500000000000000 0.2568902572829181 
 27 -0.9480000000000000 0.2589129459043591 
 28 -0.9460000000000000 0.2609552465969086 
 29 -0.9440000000000000 0.2630173838096001 
 30 -0.9419999999999999 0.2650995849336537 
 31 -0.9399999999999999 0.2672020802804752 
 32 -0.9379999999999999 0.2693251032639445 
 33 -0.9359999999999999 0.2714688903385824 
 34 -0.9339999999999999 0.2736336810229596 
 35 -0.9319999999999999 0.2758197181281023 
 36 -0.9299999999999999 0.2780272475074131 
 37 -0.9279999999999999 0.2802565184226552 
 38 -0.9260000000000000 0.2825077833397038 
 39 -0.9240000000000000 0.2847812981089398 
 40 -0.9220000000000000 0.2870773219995659 
 41 -0.9200000000000000 0.2893961177150143 
 42 -0.9180000000000000 0.2917379514739433 
 43 -0.9160000000000000 0.2941030930351330 
 44 -0.9140000000000000 0.2964918157771167 
 45 -0.9120000000000000 0.2989043967710915 
 46 -0.9100000000000000 0.3013411167323041 
 47 -0.9080000000000000 0.3038022602456791 
 48 -0.9060000000000000 0.3062881156509138 
 49 -0.9040000000000000 0.3087989751932038 
 50 -0.9020000000000000 0.3113351351077029 
 51 -0.9000000000000000 0.3138968955577018 
 52 -0.8980000000000000 0.3164845608703107 
 53 -0.8960000000000000 0.3190984393841343 
 54 -0.8940000000000000 0.3217388437396225 
 55 -0.8920000000000000 0.3244060907547017 
 56 -0.8900000000000000 0.3271005015902653 
 57 -0.8880000000000000 0.3298224018058562 
 58 -0.8860000000000000 0.3325721213669630 
 59 -0.8840000000000000 0.3353499948203610 
 60 -0.8820000000000000 0.3381563612203607 
 61 -0.8800000000000000 0.3409915643421487 
 62 -0.8780000000000000 0.3438559526723922 
 63 -0.8760000000000000 0.3467498794624642 
 64 -0.8740000000000000 0.3496737028684115 
 65 -0.8720000000000000 0.3526277860039948 
 66 -0.8700000000000000 0.3556124969632567 
 67 -0.8680000000000000 0.3586282089686466 
 68 -0.8660000000000000 0.3616753004428997 
 69 -0.8640000000000000 0.3647541550001430 
 70 -0.8620000000000000 0.3678651616489798 
 71 -0.8600000000000000 0.3710087148321244 
 72 -0.8580000000000000 0.3741852144082498 
 73 -0.8560000000000000 0.3773950659451776 
 74 -0.8540000000000000 0.3806386806060977 
 75 -0.8520000000000000 0.3839164753323210 
 76 -0.8500000000000000 0.3872288729442211 
 77 -0.8480000000000000 0.3905763021792185 
 78 -0.8460000000000000 0.3939591978448252 
 79 -0.8440000000000000 0.3973780008450253 
 80 -0.8420000000000000 0.4008331583380399 
 81 -0.8400000000000000 0.4043251237762491 
 82 -0.8380000000000000 0.4078543570987435 
 83 -0.8360000000000000 0.4114213246706008 
 84 -0.8340000000000000 0.4150264995934332 
 85 -0.8320000000000000 0.4186703616167995 
 86 -0.8300000000000000 0.4223533973485413 
 87 -0.8280000000000000 0.4260761003659176 
 88 -0.8260000000000000 0.4298389712893175 
 89 -0.8240000000000001 0.4336425178550550 
 90 -0.8220000000000001 0.4374872551541609 
 91 -0.8200000000000001 0.4413737056348493 
 92 -0.8180000000000001 0.4453023992181470 
 93 -0.8160000000000001 0.4492738735198664 
 94 -0.8140000000000001 0.4532886738775028 
 95 -0.8120000000000001 0.4573473534578277 
 96 -0.8100000000000001 0.4614504735282001 
 97 -0.8080000000000001 0.4655986033566047 
 98 -0.8060000000000000 0.4697923205587640 
 99 -0.8040000000000000 0.4740322111002824 
 100 -0.8020000000000000 0.4783188694509672 
 101 -0.8000000000000000 0.4826528987980737 
 102 -0.7980000000000000 0.4870349110277885 
 103 -0.7960000000000000 0.4914655270232047 
 104 -0.7940000000000000 0.4959453768023885 
 105 -0.7920000000000000 0.5004750994071321 
 106 -0.7900000000000000 0.5050553435325297 
 107 -0.7880000000000000 0.5096867671391425 
 108 -0.7860000000000000 0.5143700380208756 
 109 -0.7840000000000000 0.5191058337219517 
 110 -0.7820000000000000 0.5238948418527802 
 111 -0.7800000000000000 0.5287377600856498 
 112 -0.7780000000000000 0.5336352964701798 
 113 -0.7760000000000000 0.5385881695393163 
 114 -0.7740000000000000 0.5435971084025636 
 115 -0.7720000000000000 0.5486628530997284 
 116 -0.7700000000000000 0.5537861546019222 
 117 -0.7680000000000000 0.5589677750678985 
 118 -0.7660000000000000 0.5642084880250713 
 119 -0.7640000000000000 0.5695090785548350 
 120 -0.7620000000000000 0.5748703434111027 
 121 -0.7600000000000000 0.5802930913808497 
 122 -0.7580000000000000 0.5857781432430186 
 123 -0.7560000000000000 0.5913263321968565 
 124 -0.7540000000000000 0.5969385038758123 
 125 -0.7520000000000000 0.6026155166754614 
 126 -0.7500000000000000 0.6083582419058915 
 127 -0.7480000000000000 0.6141675640407888 
 128 -0.7460000000000000 0.6200443808593396 
 129 -0.7440000000000000 0.6259896037536388 
 130 -0.7420000000000000 0.6320041578767737 
 131 -0.7400000000000000 0.6380889824504447 
 132 -0.7380000000000000 0.6442450308852027 
 133 -0.7360000000000000 0.6504732711576119 
 134 -0.7340000000000000 0.6567746858466956 
 135 -0.7320000000000000 0.6631502726310079 
 136 -0.7300000000000000 0.6696010443039354 
 137 -0.7280000000000000 0.6761280291521692 
 138 -0.7260000000000000 0.6827322711751179 
 139 -0.7240000000000000 0.6894148303900336 
 140 -0.7220000000000000 0.6961767829117120 
 141 -0.7200000000000000 0.7030192215775706 
 142 -0.7180000000000000 0.7099432557823644 
 143 -0.7160000000000000 0.7169500120971162 
 144 -0.7140000000000000 0.7240406344775003 
 145 -0.7120000000000000 0.7312162842893563 
 146 -0.7100000000000000 0.7384781410807224 
 147 -0.7080000000000000 0.7458274023825212 
 148 -0.7060000000000000 0.7532652843791000 
 149 -0.7040000000000000 0.7607930219650211 
 150 -0.7020000000000000 0.7684118693045278 
 151 -0.7000000000000000 0.7761230997850880 
 152 -0.6980000000000000 0.7839280067886788 
 153 -0.6960000000000000 0.7918279036090623 
 154 -0.6940000000000000 0.7998241240730615 
 155 -0.6919999999999999 0.8079180227402567 
 156 -0.6899999999999999 0.8161109752107076 
 157 -0.6879999999999999 0.8244043786095139 
 158 -0.6859999999999999 0.8327996518596590 
 159 -0.6839999999999999 0.8412982360212120 
 160 -0.6819999999999999 0.8499015947017116 
 161 -0.6799999999999999 0.8586112144068994 
 162 -0.6779999999999999 0.8674286049547821 
 163 -0.6759999999999999 0.8763552997793070 
 164 -0.6739999999999999 0.8853928564248925 
 165 -0.6719999999999999 0.8945428568875416 
 166 -0.6699999999999999 0.9038069079624168 
 167 -0.6679999999999999 0.9131866417814491 
 168 -0.6659999999999999 0.9226837161672129 
 169 -0.6639999999999999 0.9322998149696540 
 170 -0.6619999999999999 0.9420366486759486 
 171 -0.6599999999999999 0.9518959546735817 
 172 -0.6579999999999999 0.9618794978155532 
 173 -0.6559999999999999 0.9719890708108185 
 174 -0.6539999999999999 0.9822264946785773 
 175 -0.6519999999999999 0.9925936192052237 
 176 -0.6499999999999999 1.0030923235974027 
 177 -0.6480000000000000 1.0137245165145254 
 178 -0.6460000000000000 1.0244921371383258 
 179 -0.6440000000000000 1.0353971551711869 
 180 -0.6420000000000000 1.0464415716051321 
 181 -0.6400000000000000 1.0576274192488295 
 182 -0.6380000000000000 1.0689567629314483 
 183 -0.6360000000000000 1.0804317005125150 
 184 -0.6340000000000000 1.0920543629476864 
 185 -0.6320000000000000 1.1038269151599138 
 186 -0.6300000000000000 1.1157515563817442 
 187 -0.6280000000000000 1.1278305208500905 
 188 -0.6260000000000000 1.1400660781820597 
 189 -0.6240000000000000 1.1524605342785523 
 190 -0.6220000000000000 1.1650162314349282 
 191 -0.6200000000000000 1.1777355494094688 
 192 -0.6180000000000000 1.1906209056393604 
 193 -0.6160000000000000 1.2036747560560936 
 194 -0.6140000000000000 1.2168995956463196 
 195 -0.6120000000000000 1.2302979589943126 
 196 -0.6100000000000000 1.2438724210692833 
 197 -0.6080000000000000 1.2576255976137289 
 198 -0.6060000000000000 1.2715601461333976 
 199 -0.6040000000000000 1.2856787661079214 
 200 -0.6020000000000000 1.2999842001351154 
 201 -0.6000000000000000 1.3144792341183278 
 202 -0.5980000000000000 1.3291666983287189 
 203 -0.5960000000000000 1.3440494678815202 
 204 -0.5940000000000000 1.3591304634324677 
 205 -0.5920000000000000 1.3744126519334143 
 206 -0.5900000000000000 1.3898990473890469 
 207 -0.5880000000000000 1.4055927113626367 
 208 -0.5860000000000000 1.4214967538808712 
 209 -0.5840000000000000 1.4376143342839649 
 210 -0.5820000000000001 1.4539486613335262 
 211 -0.5800000000000001 1.4705029949493862 
 212 -0.5780000000000001 1.4872806459614831 
 213 -0.5760000000000001 1.5042849775928746 
 214 -0.5740000000000001 1.5215194057085597 
 215 -0.5720000000000001 1.5389874000425479 
 216 -0.5700000000000001 1.5566924844530985 
 217 -0.5680000000000001 1.5746382382759805 
 218 -0.5660000000000001 1.5928282964848635 
 219 -0.5640000000000001 1.6112663510687988 
 220 -0.5620000000000001 1.6299561514195522 
 221 -0.5600000000000001 1.6489015052142557 
 222 -0.5580000000000001 1.6681062793061083 
 223 -0.5560000000000000 1.6875744005663700 
 224 -0.5540000000000000 1.7073098563302431 
 225 -0.5520000000000000 1.7273166957473567 
 226 -0.5500000000000000 1.7475990301164794 
 227 -0.5480000000000000 1.7681610338807556 
 228 -0.5460000000000000 1.7890069456619271 
 229 -0.5440000000000000 1.8101410683948227 
 230 -0.5420000000000000 1.8315677710442393 
 231 -0.5400000000000000 1.8532914885972993 
 232 -0.5380000000000000 1.8753167234164028 
 233 -0.5360000000000000 1.8976480456428979 
 234 -0.5340000000000000 1.9202900943511665 
 235 -0.5320000000000000 1.9432475779409268 
 236 -0.5300000000000000 1.9665252753899476 
 237 -0.5280000000000000 1.9901280364505574 
 238 -0.5260000000000000 2.0140607830040205 
 239 -0.5240000000000000 2.0383285094001002 
 240 -0.5220000000000000 2.0629362832207967 
 241 -0.5200000000000000 2.0878892464238978 
 242 -0.5180000000000000 2.1131926154173395 
 243 -0.5160000000000000 2.1388516821995167 
 244 -0.5140000000000000 2.1648718150943682 
 245 -0.5120000000000000 2.1912584589589454 
 246 -0.5100000000000000 2.2180171361993568 
 247 -0.5080000000000000 2.2451534474953987 
 248 -0.5060000000000000 2.2726730717163592 
 249 -0.5040000000000000 2.3005817675315905 
 250 -0.5020000000000000 2.3288853727561580 
 251 -0.5000000000000000 2.3575898058573066 
 252 -0.4980000000000000 2.3867010659536199 
 253 -0.4960000000000000 2.4162252329356328 
 254 -0.4940000000000000 2.4461684688160883 
 255 -0.4920000000000000 2.4765370167879661 
 256 -0.4900000000000000 2.5073372027678142 
 257 -0.4880000000000000 2.5385754345775244 
 258 -0.4860000000000000 2.5702582030494034 
 259 -0.4840000000000000 2.6023920812968098 
 260 -0.4820000000000000 2.6349837255689810 
 261 -0.4800000000000000 2.6680398746843639 
 262 -0.4780000000000000 2.7015673501934936 
 263 -0.4760000000000000 2.7355730563773992 
 264 -0.4740000000000000 2.7700639796331297 
 265 -0.4720000000000000 2.8050471886434267 
 266 -0.4700000000000000 2.8405298336047271 
 267 -0.4680000000000000 2.8765191458980839 
 268 -0.4660000000000000 2.9130224376794693 
 269 -0.4640000000000000 2.9500471006835163 
 270 -0.4620000000000000 2.9876006060059073 
 271 -0.4600000000000000 3.0256905028394105 
 272 -0.4580000000000000 3.0643244172941753 
 273 -0.4560000000000000 3.1035100518024370 
 274 -0.4540000000000000 3.1432551828923709 
 275 -0.4520000000000000 3.1835676606543344 
 276 -0.4500000000000000 3.2244554063574205 
 277 -0.4480000000000000 3.2659264110678508 
 278 -0.4460000000000000 3.3079887334835689 
 279 -0.4440000000000000 3.3506504979037892 
 280 -0.4419999999999999 3.3939198916931326 
 281 -0.4399999999999999 3.4378051627589783 
 282 -0.4379999999999999 3.4823146170233499 
 283 -0.4359999999999999 3.5274566147793847 
 284 -0.4339999999999999 3.5732395683091704 
 285 -0.4319999999999999 3.6196719374033579 
 286 -0.4299999999999999 3.6667622263918411 
 287 -0.4279999999999999 3.7145189794765594 
 288 -0.4259999999999999 3.7629507767234909 
 289 -0.4239999999999999 3.8120662293654748 
 290 -0.4220000000000000 3.8618739743299244 
 291 -0.4200000000000000 3.9123826695584523 
 292 -0.4180000000000000 3.9636009877667151 
 293 -0.4160000000000000 4.0155376106553726 
 294 -0.4140000000000000 4.0682012220021351 
 295 -0.4120000000000000 4.1216005012394898 
 296 -0.4100000000000000 4.1757441157506401 
 297 -0.4080000000000000 4.2306407128525727 
 298 -0.4060000000000000 4.2862989121474229 
 299 -0.4040000000000000 4.3427272957976406 
 300 -0.4020000000000000 4.3999343997848293 
 301 -0.4000000000000000 4.4579287038513646 
 302 -0.3980000000000000 4.5167186206479428 
 303 -0.3960000000000000 4.5763124849198391 
 304 -0.3940000000000000 4.6367185416254628 
 305 -0.3920000000000000 4.6979449333326091 
 306 -0.3900000000000000 4.7599996871585279 
 307 -0.3880000000000000 4.8228907007597774 
 308 -0.3860000000000000 4.8866257276248177 
 309 -0.3840000000000000 4.9512123616094037 
 310 -0.3820000000000000 5.0166580202853011 
 311 -0.3800000000000000 5.0829699282557055 
 312 -0.3780000000000000 5.1501550980435260 
 313 -0.3760000000000000 5.2182203118535551 
 314 -0.3740000000000000 5.2871721006009507 
 315 -0.3720000000000000 5.3570167230501546 
 316 -0.3700000000000000 5.4277601434571610 
 317 -0.3680000000000000 5.4994080075939440 
 318 -0.3660000000000000 5.5719656185390720 
 319 -0.3640000000000000 5.6454379101087353 
 320 -0.3620000000000000 5.7198294202177227 
 321 -0.3600000000000000 5.7951442609682040 
 322 -0.3580000000000000 5.8713860901151698 
 323 -0.3560000000000000 5.9485580775911728 
 324 -0.3540000000000000 6.0266628739721506 
 325 -0.3520000000000000 6.1057025742043542 
 326 -0.3500000000000000 6.1856786820672500 
 327 -0.3480000000000000 6.2665920713104031 
 328 -0.3460000000000000 6.3484429457444556 
 329 -0.3440000000000000 6.4312307969745479 
 330 -0.3420000000000000 6.5149543606611857 
 331 -0.3400000000000000 6.5996115701624811 
 332 -0.3380000000000000 6.6851995082596165 
 333 -0.3360000000000000 6.7717143570943401 
 334 -0.3340000000000000 6.8591513446850803 
 335 -0.3320000000000000 6.9475046904297608 
 336 -0.3300000000000000 7.0367675470920332 
 337 -0.3280000000000000 7.1269319403810156 
 338 -0.3260000000000000 7.2179887066857136 
 339 -0.3240000000000000 7.3099274263584464 
 340 -0.3220000000000000 7.4027363563306405 
 341 -0.3200000000000000 7.4964023576931034 
 342 -0.3179999999999999 7.5909108214374665 
 343 -0.3159999999999999 7.6862455910176628 
 344 -0.3139999999999999 7.7823888806517481 
 345 -0.3119999999999999 7.8793211917766399 
 346 -0.3099999999999999 7.9770212244142549 
 347 -0.3079999999999999 8.0754657865917956 
 348 -0.3059999999999999 8.1746296981487365 
 349 -0.3039999999999999 8.2744856932135988 
 350 -0.3019999999999999 8.3750043160454322 
 351 -0.2999999999999999 8.4761538152703899 
 352 -0.2979999999999999 8.5779000328544264 
 353 -0.2960000000000000 8.6802062880919717 
 354 -0.2940000000000000 8.7830332600658672 
 355 -0.2920000000000000 8.8863388619717085 
 356 -0.2900000000000000 8.9900781145412747 
 357 -0.2880000000000000 9.0942030119705688 
 358 -0.2860000000000000 9.1986623857567444 
 359 -0.2840000000000000 9.3034017613299227 
 360 -0.2820000000000000 9.4083632124564396 
 361 -0.2800000000000000 9.5134852081970944 
 362 -0.2780000000000000 9.6187024578176548 
 363 -0.2760000000000000 9.7239457474380178 
 364 -0.2740000000000000 9.8291417758031034 
 365 -0.2720000000000000 9.9342129803454089 
 366 -0.2700000000000000 10.0390773631576735 
 367 -0.2680000000000000 10.1436483080486681 
 368 -0.2660000000000000 10.2478343949703810 
 369 -0.2640000000000000 10.3515392091462317 
 370 -0.2620000000000000 10.4546611446307054 
 371 -0.2600000000000000 10.5570932047168498 
 372 -0.2580000000000000 10.6587227955407489 
 373 -0.2560000000000000 10.7594315186589267 
 374 -0.2540000000000000 10.8590949556351895 
 375 -0.2520000000000000 10.9575824513944227 
 376 -0.2500000000000000 11.0547568934293796 
 377 -0.2480000000000000 11.1504744860132980 
 378 -0.2460000000000000 11.2445845238063189 
 379 -0.2440000000000000 11.3369291608068750 
 380 -0.2420000000000000 11.4273431781292452 
 381 -0.2400000000000000 11.5156537495572930 
 382 -0.2380000000000000 11.6016802069256020 
 383 -0.2360000000000000 11.6852338027526361 
 384 -0.2340000000000000 11.7661174763778114 
 385 -0.2320000000000000 11.8441256169079043 
 386 -0.2300000000000000 11.9190438325076933 
 387 -0.2280000000000000 11.9906487170722826 
 388 -0.2260000000000000 12.0587076259407979 
 389 -0.2240000000000000 12.1229784514533492 
 390 -0.2220000000000000 12.1832094082452116 
 391 -0.2200000000000000 12.2391388220488082 
 392 -0.2180000000000000 12.2904949310311871 
 393 -0.2160000000000000 12.3369956931842761 
 394 -0.2140000000000000 12.3783486075112030 
 395 -0.2120000000000000 12.4142505481662866 
 396 -0.2100000000000000 12.4443876136699014 
 397 -0.2080000000000000 12.4684349912991799 
 398 -0.2060000000000000 12.4860568450378420 
 399 -0.2040000000000000 12.4969062186807651 
 400 -0.2020000000000000 12.5006249687524473 
 401 -0.2000000000000000 12.4968437188073018 
 402 -0.1980000000000000 12.4851818449382073 
 403 -0.1960000000000000 12.4652474930110913 
 404 -0.1940000000000000 12.4366376281349389 
 405 -0.1919999999999999 12.3989381241368832 
 406 -0.1899999999999999 12.3517238924295150 
 407 -0.1879999999999999 12.2945590542782277 
 408 -0.1859999999999999 12.2269971626994263 
 409 -0.1839999999999999 12.1485814722033290 
 410 -0.1819999999999999 12.0588452664553305 
 411 -0.1799999999999999 11.9573122423162612 
 412 -0.1779999999999999 11.8434969573379050 
 413 -0.1759999999999999 11.7169053425912821 
 414 -0.1739999999999999 11.5770352887237955 
 415 -0.1719999999999999 11.4233773019254929 
 416 -0.1699999999999999 11.2554152448466418 
 417 -0.1679999999999999 11.0726271539118031 
 418 -0.1660000000000000 10.8744861490439533 
 419 -0.1640000000000000 10.6604614322570797 
 420 -0.1620000000000000 10.4300193802648771 
 421 -0.1600000000000000 10.1826247400355463 
 422 -0.1580000000000000 9.9177419218968481 
 423 -0.1560000000000000 9.6348364043434263 
 424 -0.1540000000000000 9.3333762444650930 
 425 -0.1520000000000000 9.0128337030030377 
 426 -0.1500000000000000 8.6726869847301096 
 427 -0.1480000000000000 8.3124220943536518 
 428 -0.1460000000000000 7.9315348146111759 
 429 -0.1440000000000000 7.5295328019945496 
 430 -0.1420000000000000 7.1059378045289874 
 431 -0.1400000000000000 6.6602880011223444 
 432 -0.1380000000000000 6.1921404589973470 
 433 -0.1360000000000000 5.7010737104846285 
 434 -0.1340000000000000 5.1866904460534808 
 435 -0.1320000000000000 4.6486203166427975 
 436 -0.1300000000000000 4.0865228463559680 
 437 -0.1280000000000000 3.5000904438801212 
 438 -0.1260000000000000 2.8890515093302858 
 439 -0.1240000000000000 2.2531736273828158 
 440 -0.1220000000000000 1.5922668334160337 
 441 -0.1200000000000000 0.9061869504734704 
 442 -0.1180000000000000 0.1948389696097771 
 443 -0.1160000000000000 -0.5418195221835067 
 444 -0.1140000000000000 -1.3037749009516912 
 445 -0.1120000000000000 -2.0909540528220329 
 446 -0.1100000000000000 -2.9032209415627936 
 447 -0.1080000000000000 -3.7403732057686310 
 448 -0.1060000000000000 -4.6021388176995064 
 449 -0.1040000000000000 -5.4881728204289386 
 450 -0.1020000000000000 -6.3980541723821682 
 451 -0.1000000000000000 -7.3312827238270009 
 452 -0.0980000000000000 -8.2872763561921445 
 453 -0.0960000000000000 -9.2653683080139224 
 454 -0.0940000000000000 -10.2648047246354466 
 455 -0.0920000000000000 -11.2847424550381170 
 456 -0.0900000000000000 -12.3242471348592897 
 457 -0.0880000000000000 -13.3822915795048871 
 458 -0.0860000000000000 -14.4577545273615762 
 459 -0.0840000000000000 -15.5494197581806155 
 460 -0.0820000000000000 -16.6559756213672756 
 461 -0.0800000000000000 -17.7760150046787402 
 462 -0.0780000000000000 -18.9080357691060925 
 463 -0.0760000000000000 -20.0504416832013810 
 464 -0.0740000000000000 -21.2015438743889817 
 465 -0.0720000000000000 -22.3595628304009111 
 466 -0.0700000000000000 -23.5226309581126074 
 467 -0.0679999999999999 -24.6887957332899148 
 468 -0.0659999999999999 -25.8560234341536948 
 469 -0.0639999999999999 -27.0222034905963859 
 470 -0.0619999999999999 -28.1851534318909245 
 471 -0.0599999999999999 -29.3426244508773593 
 472 -0.0579999999999999 -30.4923075671495027 
 473 -0.0559999999999999 -31.6318403860443311 
 474 -0.0539999999999999 -32.7588144322410386 
 475 -0.0519999999999999 -33.8707830421909080 
 476 -0.0499999999999999 -34.9652697777821331 
 477 -0.0479999999999999 -36.0397773410521793 
 478 -0.0459999999999999 -37.0917969339320877 
 479 -0.0439999999999999 -38.1188180344909355 
 480 -0.0419999999999999 -39.1183385216804496 
 481 -0.0400000000000000 -40.0878751083835070 
 482 -0.0380000000000000 -41.0249740041320337 
 483 -0.0360000000000000 -41.9272217570511714 
 484 -0.0340000000000000 -42.7922561937273827 
 485 -0.0320000000000000 -43.6177773865088341 
 486 -0.0300000000000000 -44.4015585720258628 
 487 -0.0280000000000000 -45.1414569428009855 
 488 -0.0260000000000000 -45.8354242277283248 
 489 -0.0240000000000000 -46.4815169836600361 
 490 -0.0220000000000000 -47.0779065185838377 
 491 -0.0200000000000000 -47.6228883634331837 
 492 -0.0180000000000000 -48.1148912172691325 
 493 -0.0160000000000000 -48.5524852943674361 
 494 -0.0140000000000000 -48.9343899955221531 
 495 -0.0120000000000000 -49.2594808493020722 
 496 -0.0100000000000000 -49.5267956494661092 
 497 -0.0080000000000000 -49.7355397509520856 
 498 -0.0060000000000000 -49.8850904604723127 
 499 -0.0040000000000000 -49.9750005004207551 
 500 -0.0020000000000000 -50.0050004997270818 
 501 0.0000000000000000 -49.9750005004207551 
 502 0.0020000000000000 -49.8850904604723127 
 503 0.0040000000000000 -49.7355397509520856 
 504 0.0060000000000000 -49.5267956494661021 
 505 0.0080000000000000 -49.2594808493020793 
 506 0.0100000000000000 -48.9343899955221531 
 507 0.0120000000000000 -48.5524852943674361 
 508 0.0140000000000000 -48.1148912172691254 
 509 0.0160000000000000 -47.6228883634331908 
 510 0.0180000000000000 -47.0779065185838306 
 511 0.0200000000000000 -46.4815169836600361 
 512 0.0220000000000000 -45.8354242277283177 
 513 0.0240000000000000 -45.1414569428009713 
 514 0.0260000000000000 -44.4015585720259196 
 515 0.0280000000000000 -43.6177773865086493 
 516 0.0300000000000000 -42.7922561937280719 
 517 0.0320000000000000 -41.9272217570486134 
 518 0.0340000000000000 -41.0249740041415834 
 519 0.0360000000000000 -40.0878751083478591 
 520 0.0380000000000000 -39.1183385218134987 
 521 0.0400000000000000 -38.1188180343274396 
 522 0.0420000000000000 -37.0917969341199196 
 523 0.0440000000000000 -36.0397773407974213 
 524 0.0460000000000000 -34.9652697779471779 
 525 0.0480000000000000 -33.8707830421185605 
 526 0.0500000000000000 -32.7588144323653978 
 527 0.0520000000000000 -31.6318403859523194 
 528 0.0540000000000000 -30.4923075670601165 
 529 0.0560000000000000 -29.3426244509938314 
 530 0.0580000000000001 -28.1851534318475068 
 531 0.0600000000000001 -27.0222034906535598 
 532 0.0620000000000001 -25.8560234341349613 
 533 0.0640000000000001 -24.6887957331411556 
 534 0.0660000000000001 -23.5226309583933144 
 535 0.0680000000000001 -22.3595628300929725 
 536 0.0700000000000001 -21.2015438746738880 
 537 0.0720000000000001 -20.0504416830358210 
 538 0.0740000000000001 -18.9080357691503487 
 539 0.0760000000000001 -17.7760150046672791 
 540 0.0780000000000001 -16.6559756213688637 
 541 0.0800000000000001 -15.5494197581857083 
 542 0.0820000000000001 -14.4577545273396133 
 543 0.0840000000000001 -13.3822915795876618 
 544 0.0860000000000001 -12.3242471347166695 
 545 0.0880000000000001 -11.2847424551927666 
 546 0.0900000000000001 -10.2648047244925351 
 547 0.0920000000000001 -9.2653683080978499 
 548 0.0940000000000001 -8.2872763561658846 
 549 0.0960000000000001 -7.3312827238481137 
 550 0.0980000000000001 -6.3980541723239828 
 551 0.1000000000000001 -5.4881728204740288 
 552 0.1020000000000001 -4.6021388177438682 
 553 0.1040000000000001 -3.7403732057126247 
 554 0.1060000000000001 -2.9032209415759254 
 555 0.1080000000000001 -2.0909540528255133 
 556 0.1100000000000001 -1.3037749009246369 
 557 0.1120000000000001 -0.5418195222882426 
 558 0.1140000000000001 0.1948389698351333 
 559 0.1160000000000001 0.9061869501763817 
 560 0.1180000000000001 1.5922668337128982 
 561 0.1200000000000001 2.2531736271585823 
 562 0.1220000000000001 2.8890515094307547 
 563 0.1240000000000001 3.5000904438690137 
 564 0.1260000000000001 4.0865228462999292 
 565 0.1280000000000001 4.6486203167115292 
 566 0.1300000000000001 5.1866904460011245 
 567 0.1320000000000001 5.7010737106253213 
 568 0.1340000000000001 6.1921404588199973 
 569 0.1360000000000001 6.6602880011914554 
 570 0.1380000000000001 7.1059378045964241 
 571 0.1400000000000001 7.5295328018222198 
 572 0.1420000000000001 7.9315348147334577 
 573 0.1440000000000001 8.3124220943699250 
 574 0.1460000000000001 8.6726869847092694 
 575 0.1480000000000001 9.0128337029035901 
 576 0.1500000000000001 9.3333762448837234 
 577 0.1520000000000001 9.6348364039340968 
 578 0.1539999999999999 9.9177419219498155 
 579 0.1559999999999999 10.1826247400664780 
 580 0.1579999999999999 10.4300193802547039 
 581 0.1599999999999999 10.6604614322668425 
 582 0.1619999999999999 10.8744861490150768 
 583 0.1639999999999999 11.0726271538510037 
 584 0.1659999999999999 11.2554152449521752 
 585 0.1679999999999999 11.4233773018972116 
 586 0.1699999999999999 11.5770352887313734 
 587 0.1719999999999999 11.7169053425892518 
 588 0.1739999999999999 11.8434969573384485 
 589 0.1759999999999999 11.9573122423161173 
 590 0.1779999999999999 12.0588452664553678 
 591 0.1799999999999999 12.1485814722033201 
 592 0.1819999999999999 12.2269971626994280 
 593 0.1839999999999999 12.2945590542782277 
 594 0.1859999999999999 12.3517238924295150 
 595 0.1879999999999999 12.3989381241368832 
 596 0.1899999999999999 12.4366376281349389 
 597 0.1919999999999999 12.4652474930110913 
 598 0.1940000000000000 12.4851818449382055 
 599 0.1960000000000000 12.4968437188073036 
 600 0.1980000000000000 12.5006249687524491 
 601 0.2000000000000000 12.4969062186807669 
 602 0.2020000000000000 12.4860568450378420 
 603 0.2040000000000000 12.4684349912991799 
 604 0.2060000000000000 12.4443876136699032 
 605 0.2080000000000000 12.4142505481662866 
 606 0.2100000000000000 12.3783486075112030 
 607 0.2120000000000000 12.3369956931842744 
 608 0.2140000000000000 12.2904949310311871 
 609 0.2160000000000000 12.2391388220488064 
 610 0.2180000000000000 12.1832094082452116 
 611 0.2200000000000000 12.1229784514533492 
 612 0.2220000000000000 12.0587076259407961 
 613 0.2240000000000000 11.9906487170722862 
 614 0.2260000000000000 11.9190438325076897 
 615 0.2280000000000000 11.8441256169079061 
 616 0.2300000000000000 11.7661174763778114 
 617 0.2320000000000000 11.6852338027526361 
 618 0.2340000000000000 11.6016802069256020 
 619 0.2360000000000000 11.5156537495572930 
 620 0.2380000000000000 11.4273431781292452 
 621 0.2400000000000000 11.3369291608068750 
 622 0.2420000000000000 11.2445845238063207 
 623 0.2440000000000000 11.1504744860132998 
 624 0.2460000000000000 11.0547568934293778 
 625 0.2480000000000000 10.9575824513944209 
 626 0.2500000000000000 10.8590949556351877 
 627 0.2520000000000000 10.7594315186589249 
 628 0.2540000000000000 10.6587227955407471 
 629 0.2560000000000000 10.5570932047168533 
 630 0.2580000000000000 10.4546611446307018 
 631 0.2600000000000000 10.3515392091462353 
 632 0.2620000000000000 10.2478343949703774 
 633 0.2640000000000000 10.1436483080486681 
 634 0.2660000000000000 10.0390773631576735 
 635 0.2680000000000000 9.9342129803454071 
 636 0.2700000000000000 9.8291417758031017 
 637 0.2720000000000000 9.7239457474380178 
 638 0.2740000000000000 9.6187024578176548 
 639 0.2760000000000000 9.5134852081970962 
 640 0.2780000000000000 9.4083632124564343 
 641 0.2800000000000000 9.3034017613299351 
 642 0.2820000000000000 9.1986623857567054 
 643 0.2840000000000000 9.0942030119707056 
 644 0.2860000000000000 8.9900781145407684 
 645 0.2880000000000000 8.8863388619736075 
 646 0.2900000000000000 8.7830332600587742 
 647 0.2920000000000000 8.6802062881184412 
 648 0.2940000000000000 8.5779000327556290 
 649 0.2960000000000000 8.4761538153893135 
 650 0.2980000000000000 8.3750043160016094 
 651 0.3000000000000000 8.2744856931866959 
 652 0.3020000000000000 8.1746296982168989 
 653 0.3040000000000000 8.0754657865125772 
 654 0.3060000000000000 7.9770212244964318 
 655 0.3080000000000001 7.8793211916936841 
 656 0.3100000000000001 7.7823888807348656 
 657 0.3120000000000001 7.6862455909346838 
 658 0.3140000000000001 7.5909108215197332 
 659 0.3160000000000001 7.4964023576135546 
 660 0.3180000000000001 7.4027363564000339 
 661 0.3200000000000001 7.3099274263269534 
 662 0.3220000000000001 7.2179887066590211 
 663 0.3240000000000001 7.1269319404360063 
 664 0.3260000000000001 7.0367675470652902 
 665 0.3280000000000001 6.9475046903984818 
 666 0.3300000000000001 6.8591513447536734 
 667 0.3320000000000001 6.7717143570177782 
 668 0.3340000000000001 6.6851995083307330 
 669 0.3360000000000001 6.5996115701211151 
 670 0.3380000000000001 6.5149543606722666 
 671 0.3400000000000001 6.4312307969715832 
 672 0.3420000000000001 6.3484429457452354 
 673 0.3440000000000001 6.2665920713102494 
 674 0.3460000000000001 6.1856786820670866 
 675 0.3480000000000001 6.1057025742051598 
 676 0.3500000000000001 6.0266628739690864 
 677 0.3520000000000001 5.9485580776026232 
 678 0.3540000000000001 5.8713860900724288 
 679 0.3560000000000001 5.7951442610444506 
 680 0.3580000000000001 5.7198294201636406 
 681 0.3600000000000001 5.6454379101239187 
 682 0.3620000000000001 5.5719656185324205 
 683 0.3640000000000001 5.4994080076053669 
 684 0.3660000000000001 5.4277601434181202 
 685 0.3680000000000001 5.3570167231116246 
 686 0.3700000000000001 5.2871721005606522 
 687 0.3720000000000001 5.2182203118700095 
 688 0.3740000000000001 5.1501550980180095 
 689 0.3760000000000001 5.0829699282580521 
 690 0.3780000000000001 5.0166580203430673 
 691 0.3800000000000001 4.9512123615425230 
 692 0.3820000000000001 4.8866257276680392 
 693 0.3840000000000001 4.8228907007370383 
 694 0.3860000000000001 4.7599996871646360 
 695 0.3880000000000001 4.6979449333309153 
 696 0.3900000000000001 4.6367185416261272 
 697 0.3920000000000001 4.5763124849188763 
 698 0.3940000000000001 4.5167186206511332 
 699 0.3960000000000001 4.4579287038395670 
 700 0.3980000000000001 4.3999343997871927 
 701 0.4000000000000001 4.3427272958416108 
 702 0.4020000000000001 4.2862989120524384 
 703 0.4040000000000001 4.2306407130220034 
 704 0.4060000000000001 4.1757441155842345 
 705 0.4079999999999999 4.1216005013193486 
 706 0.4099999999999999 4.0682012219740065 
 707 0.4119999999999999 4.0155376106463887 
 708 0.4139999999999999 3.9636009877891460 
 709 0.4159999999999999 3.9123826695609791 
 710 0.4179999999999999 3.8618739742973829 
 711 0.4199999999999999 3.8120662293682148 
 712 0.4219999999999999 3.7629507767450683 
 713 0.4239999999999999 3.7145189794707765 
 714 0.4259999999999999 3.6667622263933910 
 715 0.4279999999999999 3.6196719374029422 
 716 0.4299999999999999 3.5732395683092815 
 717 0.4319999999999999 3.5274566147793562 
 718 0.4339999999999999 3.4823146170233579 
 719 0.4359999999999999 3.4378051627589756 
 720 0.4379999999999999 3.3939198916931339 
 721 0.4399999999999999 3.3506504979037892 
 722 0.4419999999999999 3.3079887334835680 
 723 0.4440000000000000 3.2659264110678503 
 724 0.4460000000000000 3.2244554063574213 
 725 0.4480000000000000 3.1835676606543339 
 726 0.4500000000000000 3.1432551828923705 
 727 0.4520000000000000 3.1035100518024370 
 728 0.4540000000000000 3.0643244172941753 
 729 0.4560000000000000 3.0256905028394101 
 730 0.4580000000000000 2.9876006060059077 
 731 0.4600000000000000 2.9500471006835158 
 732 0.4620000000000000 2.9130224376794693 
 733 0.4640000000000000 2.8765191458980839 
 734 0.4660000000000000 2.8405298336047267 
 735 0.4680000000000000 2.8050471886434272 
 736 0.4700000000000000 2.7700639796331297 
 737 0.4720000000000000 2.7355730563773992 
 738 0.4740000000000000 2.7015673501934936 
 739 0.4760000000000000 2.6680398746843634 
 740 0.4780000000000000 2.6349837255689819 
 741 0.4800000000000000 2.6023920812968093 
 742 0.4820000000000000 2.5702582030494039 
 743 0.4840000000000000 2.5385754345775240 
 744 0.4860000000000000 2.5073372027678147 
 745 0.4880000000000000 2.4765370167879661 
 746 0.4900000000000000 2.4461684688160883 
 747 0.4920000000000000 2.4162252329356328 
 748 0.4940000000000000 2.3867010659536199 
 749 0.4960000000000000 2.3575898058573062 
 750 0.4980000000000000 2.3288853727561580 
 751 0.5000000000000000 2.3005817675315905 
 752 0.5020000000000000 2.2726730717163588 
 753 0.5040000000000000 2.2451534474953987 
 754 0.5060000000000000 2.2180171361993564 
 755 0.5080000000000000 2.1912584589589459 
 756 0.5100000000000000 2.1648718150943678 
 757 0.5120000000000000 2.1388516821995172 
 758 0.5140000000000000 2.1131926154173377 
 759 0.5160000000000000 2.0878892464239063 
 760 0.5180000000000000 2.0629362832207656 
 761 0.5200000000000000 2.0383285094002161 
 762 0.5220000000000000 2.0140607830035884 
 763 0.5240000000000000 1.9901280364521681 
 764 0.5260000000000000 1.9665252753839380 
 765 0.5280000000000000 1.9432475779425369 
 766 0.5300000000000000 1.9202900943507353 
 767 0.5320000000000000 1.8976480456430127 
 768 0.5340000000000000 1.8753167234163719 
 769 0.5360000000000000 1.8532914885973075 
 770 0.5380000000000000 1.8315677710442371 
 771 0.5400000000000000 1.8101410683948234 
 772 0.5420000000000000 1.7890069456619275 
 773 0.5440000000000000 1.7681610338807552 
 774 0.5460000000000000 1.7475990301164797 
 775 0.5480000000000000 1.7273166957473567 
 776 0.5500000000000000 1.7073098563302425 
 777 0.5520000000000000 1.6875744005663704 
 778 0.5540000000000000 1.6681062793061077 
 779 0.5560000000000000 1.6489015052142555 
 780 0.5580000000000001 1.6299561514195522 
 781 0.5600000000000001 1.6112663510687986 
 782 0.5620000000000001 1.5928282964848635 
 783 0.5640000000000001 1.5746382382759798 
 784 0.5660000000000001 1.5566924844531007 
 785 0.5680000000000001 1.5389874000425396 
 786 0.5700000000000001 1.5215194057085908 
 787 0.5720000000000001 1.5042849775927569 
 788 0.5740000000000001 1.4872806459619232 
 789 0.5760000000000001 1.4705029949477439 
 790 0.5780000000000001 1.4539486613396553 
 791 0.5800000000000001 1.4376143342610901 
 792 0.5820000000000001 1.4214967539037919 
 793 0.5840000000000001 1.4055927113562798 
 794 0.5860000000000001 1.3898990473915531 
 795 0.5880000000000001 1.3744126519297462 
 796 0.5900000000000001 1.3591304634446351 
 797 0.5920000000000001 1.3440494678573338 
 798 0.5940000000000001 1.3291666983508463 
 799 0.5960000000000001 1.3144792341164560 
 800 0.5980000000000001 1.2999842001204751 
 801 0.6000000000000001 1.2856787661267215 
 802 0.6020000000000001 1.2715601461144685 
 803 0.6040000000000001 1.2576255976290109 
 804 0.6060000000000001 1.2438724210687180 
 805 0.6080000000000001 1.2302979589812919 
 806 0.6100000000000001 1.2168995956573334 
 807 0.6120000000000001 1.2036747560458760 
 808 0.6140000000000001 1.1906209056484001 
 809 0.6160000000000001 1.1777355494043447 
 810 0.6180000000000001 1.1650162314463859 
 811 0.6200000000000001 1.1524605342586627 
 812 0.6220000000000001 1.1400660782085272 
 813 0.6240000000000001 1.1278305208265611 
 814 0.6260000000000001 1.1157515563869442 
 815 0.6280000000000001 1.1038269151626436 
 816 0.6300000000000001 1.0920543629523853 
 817 0.6320000000000001 1.0804317005118074 
 818 0.6340000000000001 1.0689567629295795 
 819 0.6360000000000001 1.0576274192361967 
 820 0.6380000000000001 1.0464415716158983 
 821 0.6400000000000001 1.0353971551823871 
 822 0.6420000000000001 1.0244921371243920 
 823 0.6440000000000001 1.0137245165174280 
 824 0.6460000000000001 1.0030923235789095 
 825 0.6480000000000001 0.9925936192346599 
 826 0.6500000000000001 0.9822264946625933 
 827 0.6520000000000001 0.9719890708245010 
 828 0.6540000000000001 0.9618794977976235 
 829 0.6560000000000001 0.9518959546899843 
 830 0.6580000000000001 0.9420366486699017 
 831 0.6600000000000001 0.9322998149566218 
 832 0.6620000000000001 0.9226837162045718 
 833 0.6640000000000001 0.9131866417491277 
 834 0.6659999999999999 0.9038069079710771 
 835 0.6679999999999999 0.8945428568852212 
 836 0.6699999999999999 0.8853928564255145 
 837 0.6719999999999999 0.8763552997791406 
 838 0.6739999999999999 0.8674286049548270 
 839 0.6759999999999999 0.8586112144068871 
 840 0.6779999999999999 0.8499015947017150 
 841 0.6799999999999999 0.8412982360212110 
 842 0.6819999999999999 0.8327996518596592 
 843 0.6839999999999999 0.8244043786095138 
 844 0.6859999999999999 0.8161109752107079 
 845 0.6879999999999999 0.8079180227402567 
 846 0.6899999999999999 0.7998241240730615 
 847 0.6919999999999999 0.7918279036090625 
 848 0.6940000000000000 0.7839280067886787 
 849 0.6960000000000000 0.7761230997850879 
 850 0.6980000000000000 0.7684118693045279 
 851 0.7000000000000000 0.7607930219650210 
 852 0.7020000000000000 0.7532652843791001 
 853 0.7040000000000000 0.7458274023825211 
 854 0.7060000000000000 0.7384781410807223 
 855 0.7080000000000000 0.7312162842893564 
 856 0.7100000000000000 0.7240406344775002 
 857 0.7120000000000000 0.7169500120971163 
 858 0.7140000000000000 0.7099432557823644 
 859 0.7160000000000000 0.7030192215775706 
 860 0.7180000000000000 0.6961767829117120 
 861 0.7200000000000000 0.6894148303900337 
 862 0.7220000000000000 0.6827322711751179 
 863 0.7240000000000000 0.6761280291521692 
 864 0.7260000000000000 0.6696010443039354 
 865 0.7280000000000000 0.6631502726310078 
 866 0.7300000000000000 0.6567746858466956 
 867 0.7320000000000000 0.6504732711576120 
 868 0.7340000000000000 0.6442450308852026 
 869 0.7360000000000000 0.6380889824504448 
 870 0.7380000000000000 0.6320041578767737 
 871 0.7400000000000000 0.6259896037536387 
 872 0.7420000000000000 0.6200443808593397 
 873 0.7440000000000000 0.6141675640407888 
 874 0.7460000000000000 0.6083582419058915 
 875 0.7480000000000000 0.6026155166754614 
 876 0.7500000000000000 0.5969385038758123 
 877 0.7520000000000000 0.5913263321968565 
 878 0.7540000000000000 0.5857781432430186 
 879 0.7560000000000000 0.5802930913808496 
 880 0.7580000000000000 0.5748703434111029 
 881 0.7600000000000000 0.5695090785548339 
 882 0.7620000000000000 0.5642084880250755 
 883 0.7640000000000000 0.5589677750678830 
 884 0.7660000000000000 0.5537861546019800 
 885 0.7680000000000000 0.5486628530995127 
 886 0.7700000000000000 0.5435971084033686 
 887 0.7720000000000000 0.5385881695363116 
 888 0.7740000000000000 0.5336352964709850 
 889 0.7760000000000000 0.5287377600854339 
 890 0.7780000000000000 0.5238948418528382 
 891 0.7800000000000000 0.5191058337219363 
 892 0.7820000000000000 0.5143700380208798 
 893 0.7840000000000000 0.5096867671391412 
 894 0.7860000000000000 0.5050553435325300 
 895 0.7880000000000000 0.5004750994071320 
 896 0.7900000000000000 0.4959453768023886 
 897 0.7920000000000000 0.4914655270232047 
 898 0.7940000000000000 0.4870349110277883 
 899 0.7960000000000000 0.4826528987980736 
 900 0.7980000000000000 0.4783188694509673 
 901 0.8000000000000000 0.4740322111002825 
 902 0.8020000000000000 0.4697923205587639 
 903 0.8040000000000000 0.4655986033566047 
 904 0.8060000000000000 0.4614504735282003 
 905 0.8080000000000001 0.4573473534578277 
 906 0.8100000000000001 0.4532886738775026 
 907 0.8120000000000001 0.4492738735198674 
 908 0.8140000000000001 0.4453023992181429 
 909 0.8160000000000001 0.4413737056348651 
 910 0.8180000000000001 0.4374872551541018 
 911 0.8200000000000001 0.4336425178552750 
 912 0.8220000000000001 0.4298389712884965 
 913 0.8240000000000001 0.4260761003585733 
 914 0.8260000000000001 0.4223533973683318 
 915 0.8280000000000001 0.4186703615970235 
 916 0.8300000000000001 0.4150264996007046 
 917 0.8320000000000001 0.4114213246716993 
 918 0.8340000000000001 0.4078543570974864 
 919 0.8360000000000001 0.4043251237801794 
 920 0.8380000000000001 0.4008331583339842 
 921 0.8400000000000001 0.3973780008469093 
 922 0.8420000000000001 0.3939591978413451 
 923 0.8440000000000001 0.3905763021808465 
 924 0.8460000000000001 0.3872288729515976 
 925 0.8480000000000001 0.3839164753220035 
 926 0.8500000000000001 0.3806386806087659 
 927 0.8520000000000001 0.3773950659448225 
 928 0.8540000000000001 0.3741852144174106 
 929 0.8560000000000001 0.3710087148166530 
 930 0.8580000000000001 0.3678651616600715 
 931 0.8600000000000001 0.3647541550024721 
 932 0.8620000000000001 0.3616753004329002 
 933 0.8640000000000001 0.3586282089750900 
 934 0.8660000000000001 0.3556124969578904 
 935 0.8680000000000001 0.3526277860086078 
 936 0.8700000000000001 0.3496737028657339 
 937 0.8720000000000001 0.3467498794685615 
 938 0.8740000000000001 0.3438559526610894 
 939 0.8760000000000001 0.3409915643500372 
 940 0.8780000000000001 0.3381563612209262 
 941 0.8800000000000001 0.3353499948206186 
 942 0.8820000000000001 0.3325721213653666 
 943 0.8840000000000001 0.3298224018015757 
 944 0.8860000000000001 0.3271005015985753 
 945 0.8880000000000001 0.3244060907465593 
 946 0.8900000000000001 0.3217388437430654 
 947 0.8920000000000001 0.3190984393889136 
 948 0.8940000000000001 0.3164845608581586 
 949 0.8960000000000001 0.3138968955703061 
 950 0.8980000000000001 0.3113351351006629 
 951 0.9000000000000001 0.3087989751983513 
 952 0.9020000000000001 0.3062881156477722 
 953 0.9040000000000001 0.3038022602426895 
 954 0.9060000000000001 0.3013411167369958 
 955 0.9080000000000001 0.2989043967657226 
 956 0.9100000000000001 0.2964918157834922 
 957 0.9120000000000001 0.2941030930358168 
 958 0.9140000000000001 0.2917379514648331 
 959 0.9160000000000001 0.2893961177299552 
 960 0.9180000000000001 0.2870773219905463 
 961 0.9199999999999999 0.2847812981092614 
 962 0.9219999999999999 0.2825077833370290 
 963 0.9239999999999999 0.2802565184226246 
 964 0.9259999999999999 0.2780272475102102 
 965 0.9279999999999999 0.2758197181273528 
 966 0.9299999999999999 0.2736336810231604 
 967 0.9319999999999999 0.2714688903385286 
 968 0.9339999999999999 0.2693251032639589 
 969 0.9359999999999999 0.2672020802804714 
 970 0.9379999999999999 0.2650995849336547 
 971 0.9399999999999999 0.2630173838095998 
 972 0.9419999999999999 0.2609552465969087 
 973 0.9440000000000000 0.2589129459043590 
 974 0.9460000000000000 0.2568902572829181 
 975 0.9480000000000000 0.2548869592575749 
 976 0.9500000000000000 0.2529028330739118 
 977 0.9520000000000000 0.2509376629305869 
 978 0.9540000000000000 0.2489912357191659 
 979 0.9560000000000000 0.2470633410829128 
 980 0.9580000000000000 0.2451537713585264 
 981 0.9600000000000000 0.2432623215734638 
 982 0.9620000000000000 0.2413887892963342 
 983 0.9640000000000000 0.2395329748424820 
 984 0.9660000000000000 0.2376946805908543 
 985 0.9680000000000000 0.2358737131050212 
 986 0.9700000000000000 0.2340698753010029 
 987 0.9720000000000000 0.2322829952177888 
 988 0.9740000000000000 0.2305128187674364 
 989 0.9760000000000000 0.2287594096935391 
 990 0.9780000000000000 0.2270216566333706 
 991 0.9800000000000000 0.2253028449524763 
 992 0.9820000000000000 0.2235898620110928 
 993 0.9840000000000000 0.2219308040348982 
 994 0.9860000000000000 0.2201453432823215 
 995 0.9880000000000000 0.2189056521818993 
 996 0.9900000000000000 0.2157023396883948 
 997 0.9920000000000000 0.2198997810964682 
 998 0.9940000000000000 0.1965488627629396 
 999 0.9960000000000000 0.2021050794472038 
